245.10   2.342E-19
245.32   2.049E-19
245.54   2.346E-19
245.75   2.295E-19
245.97   2.313E-19
246.19   2.351E-19
246.41   2.333E-19
246.62   2.296E-19
246.84   2.178E-19
247.06   2.200E-19
247.28   2.226E-19
247.49   2.065E-19
247.71   2.243E-19
247.93   2.129E-19
248.14   2.183E-19
248.36   2.161E-19
248.58   2.218E-19
248.80   2.137E-19
249.01   2.104E-19
249.23   2.075E-19
249.45   2.126E-19
249.67   2.204E-19
249.88   2.158E-19
250.10   1.997E-19
250.32   2.025E-19
250.54   2.103E-19
250.75   1.982E-19
250.97   1.956E-19
251.19   2.044E-19
251.41   2.034E-19
251.62   2.129E-19
251.84   2.162E-19
252.06   2.117E-19
252.28   2.133E-19
252.49   2.097E-19
252.71   2.131E-19
252.93   2.113E-19
253.14   2.149E-19
253.36   2.076E-19
253.58   2.189E-19
253.80   2.302E-19
254.01   2.151E-19
254.23   2.199E-19
254.45   2.071E-19
254.67   2.233E-19
254.88   2.107E-19
255.10   2.090E-19
255.32   2.126E-19
255.54   2.187E-19
255.75   2.235E-19
255.97   2.168E-19
256.19   2.202E-19
256.41   2.209E-19
256.62   2.177E-19
256.84   2.218E-19
257.06   2.202E-19
257.28   2.108E-19
257.49   2.299E-19
257.71   2.188E-19
257.93   2.213E-19
258.14   2.190E-19
258.36   2.295E-19
258.58   2.239E-19
258.80   2.250E-19
259.01   2.196E-19
259.23   2.222E-19
259.45   2.260E-19
259.67   2.193E-19
259.88   2.325E-19
260.10   2.301E-19
260.32   2.358E-19
260.54   2.302E-19
260.75   2.347E-19
260.97   2.414E-19
261.19   2.330E-19
261.41   2.358E-19
261.62   2.483E-19
261.84   2.364E-19
262.06   2.379E-19
262.28   2.461E-19
262.49   2.521E-19
262.71   2.559E-19
262.93   2.561E-19
263.14   2.534E-19
263.36   2.544E-19
263.58   2.546E-19
263.80   2.585E-19
264.01   2.613E-19
264.23   2.578E-19
264.45   2.580E-19
264.67   2.653E-19
264.88   2.685E-19
265.10   2.663E-19
265.32   2.721E-19
265.54   2.684E-19
265.75   2.717E-19
265.97   2.740E-19
266.19   2.827E-19
266.41   2.756E-19
266.62   2.805E-19
266.84   2.793E-19
267.06   2.884E-19
267.28   2.891E-19
267.49   2.809E-19
267.71   2.886E-19
267.93   2.893E-19
268.14   3.046E-19
268.36   3.045E-19
268.58   3.051E-19
268.80   3.111E-19
269.01   3.119E-19
269.23   3.151E-19
269.45   3.259E-19
269.67   3.289E-19
269.88   3.228E-19
270.10   3.119E-19
270.32   3.134E-19
270.54   3.135E-19
270.75   3.088E-19
270.97   3.284E-19
271.19   3.464E-19
271.41   3.425E-19
271.62   3.532E-19
271.84   3.640E-19
272.06   3.636E-19
272.28   3.690E-19
272.49   3.669E-19
272.71   3.802E-19
272.93   3.812E-19
273.15   3.755E-19
273.36   3.601E-19
273.58   3.519E-19
273.80   3.489E-19
274.01   3.465E-19
274.23   3.493E-19
274.45   3.562E-19
274.67   3.820E-19
274.88   4.124E-19
275.10   4.166E-19
275.32   4.357E-19
275.54   4.413E-19
275.75   4.517E-19
275.97   4.533E-19
276.19   4.450E-19
276.41   4.396E-19
276.62   4.221E-19
276.84   4.345E-19
277.06   4.288E-19
277.28   4.170E-19
277.49   4.086E-19
277.71   4.091E-19
277.93   4.129E-19
278.15   4.185E-19
278.36   4.222E-19
278.58   4.459E-19
278.80   4.732E-19
279.01   5.046E-19
279.23   5.540E-19
279.45   5.856E-19
279.67   5.922E-19
279.88   5.784E-19
280.10   5.559E-19
280.32   5.294E-19
280.54   5.089E-19
280.75   4.854E-19
280.97   4.706E-19
281.19   4.579E-19
281.41   4.626E-19
281.62   4.721E-19
281.84   4.968E-19
282.06   5.324E-19
282.28   5.525E-19
282.49   5.645E-19
282.71   5.888E-19
282.93   6.321E-19
283.15   6.823E-19
283.36   7.077E-19
283.58   7.072E-19
283.80   6.960E-19
284.01   6.697E-19
284.23   6.468E-19
284.45   6.117E-19
284.67   5.826E-19
284.88   5.798E-19
285.10   5.857E-19
285.32   5.855E-19
285.54   5.801E-19
285.75   5.989E-19
285.97   5.913E-19
286.19   6.124E-19
286.41   6.797E-19
286.62   7.672E-19
286.84   8.138E-19
287.06   8.141E-19
287.28   8.338E-19
287.49   8.591E-19
287.71   8.569E-19
287.93   8.547E-19
288.15   8.212E-19
288.36   7.909E-19
288.58   7.519E-19
288.80   7.161E-19
289.01   6.781E-19
289.23   6.689E-19
289.45   6.809E-19
289.67   6.973E-19
289.88   7.179E-19
290.10   7.378E-19
290.32   7.864E-19
290.54   8.258E-19
290.75   9.134E-19
290.97   1.051E-18
291.19   1.114E-18
291.41   1.137E-18
291.62   1.148E-18
291.84   1.134E-18
292.06   1.063E-18
292.28   1.002E-18
292.49   9.376E-19
292.71   9.118E-19
292.93   8.642E-19
293.15   8.133E-19
293.36   7.971E-19
293.58   7.917E-19
293.80   7.810E-19
294.01   7.934E-19
294.23   8.119E-19
294.45   8.745E-19
294.67   9.367E-19
294.88   1.022E-18
295.10   1.213E-18
295.32   1.407E-18
295.54   1.461E-18
295.75   1.446E-18
295.97   1.520E-18
296.19   1.585E-18
296.41   1.520E-18
296.62   1.384E-18
296.84   1.292E-18
297.06   1.195E-18
297.28   1.107E-18
297.49   1.029E-18
297.71   9.548E-19
297.93   9.072E-19
298.15   8.802E-19
298.36   8.699E-19
298.58   8.671E-19
298.80   8.565E-19
299.02   8.642E-19
299.23   9.312E-19
299.45   1.035E-18
299.67   1.248E-18
299.88   1.628E-18
300.10   1.909E-18
300.32   2.055E-18
300.54   2.160E-18
300.75   2.193E-18
300.97   2.100E-18
301.19   1.979E-18
301.41   1.897E-18
301.62   1.787E-18
301.84   1.624E-18
302.06   1.465E-18
302.28   1.355E-18
302.49   1.250E-18
302.71   1.147E-18
302.93   1.062E-18
303.15   9.885E-19
303.36   9.408E-19
303.58   9.011E-19
303.80   8.801E-19
304.02   8.790E-19
304.23   9.095E-19
304.45   9.519E-19
304.67   1.082E-18
304.88   1.437E-18
305.10   2.167E-18
305.32   2.689E-18
305.54   2.951E-18
305.75   3.133E-18
305.97   3.202E-18
306.19   2.976E-18
306.41   2.665E-18
306.62   2.410E-18
306.84   2.217E-18
307.06   2.022E-18
307.28   1.837E-18
307.49   1.689E-18
307.71   1.567E-18
307.93   1.444E-18
308.15   1.326E-18
308.36   1.208E-18
308.58   1.105E-18
308.80   1.028E-18
309.02   9.502E-19
309.23   9.115E-19
309.45   9.021E-19
309.67   9.033E-19
309.88   9.434E-19
310.10   1.075E-18
310.32   1.304E-18
310.54   1.962E-18
310.75   3.392E-18
310.97   4.204E-18
311.19   4.267E-18
311.41   4.394E-18
311.62   4.423E-18
311.84   4.011E-18
312.06   3.446E-18
312.28   2.996E-18
312.49   2.650E-18
312.71   2.365E-18
312.93   2.142E-18
313.15   2.007E-18
313.36   1.854E-18
313.58   1.684E-18
313.80   1.549E-18
314.02   1.413E-18
314.23   1.285E-18
314.45   1.177E-18
314.67   1.092E-18
314.88   1.034E-18
315.10   1.034E-18
315.32   1.044E-18
315.54   1.009E-18
315.75   1.011E-18
315.97   1.057E-18
316.19   1.260E-18
316.41   1.944E-18
316.63   4.403E-18
316.85   5.952E-18
317.07   6.031E-18
317.28   5.974E-18
317.50   5.284E-18
317.71   4.432E-18
317.93   3.739E-18
318.14   3.212E-18
318.35   2.763E-18
318.57   2.488E-18
318.78   2.369E-18
319.00   2.176E-18
319.21   1.950E-18
319.43   1.775E-18
319.64   1.601E-18
319.85   1.435E-18
320.07   1.336E-18
320.28   1.295E-18
320.50   1.225E-18
320.71   1.192E-18
320.93   1.245E-18
321.14   1.342E-18
321.36   1.335E-18
321.57   1.301E-18
321.78   1.378E-18
322.00   1.598E-18
322.21   2.344E-18
322.43   4.963E-18
322.64   7.501E-18
322.86   7.777E-18
323.07   7.686E-18
323.28   7.648E-18
323.50   6.840E-18
323.71   5.736E-18
323.93   4.748E-18
324.14   3.987E-18
324.36   3.374E-18
324.57   2.926E-18
324.78   2.745E-18
325.00   2.588E-18
325.21   2.313E-18
325.43   2.078E-18
325.64   1.865E-18
325.86   1.655E-18
326.07   1.493E-18
326.29   1.428E-18
326.50   1.511E-18
326.71   1.515E-18
326.93   1.455E-18
327.14   1.459E-18
327.36   1.594E-18
327.57   1.712E-18
327.79   1.764E-18
328.00   1.919E-18
328.21   2.113E-18
328.43   2.318E-18
328.64   3.008E-18
328.86   5.940E-18
329.07   9.202E-18
329.29   9.573E-18
329.50   9.303E-18
329.72   9.166E-18
329.93   8.216E-18
330.14   6.895E-18
330.36   5.680E-18
330.57   4.709E-18
330.79   3.976E-18
331.00   3.387E-18
331.22   3.090E-18
331.43   2.955E-18
331.64   2.674E-18
331.86   2.403E-18
332.07   2.180E-18
332.29   1.961E-18
332.50   1.747E-18
332.72   1.582E-18
332.93   1.538E-18
333.15   1.756E-18
333.36   1.931E-18
333.57   1.877E-18
333.79   1.875E-18
334.00   1.927E-18
334.22   2.033E-18
334.43   2.193E-18
334.65   2.586E-18
334.86   2.980E-18
335.07   3.144E-18
335.29   3.289E-18
335.50   4.045E-18
335.72   6.945E-18
335.93   1.066E-17
336.15   1.121E-17
336.36   1.077E-17
336.58   1.051E-17
336.79   9.435E-18
337.00   7.941E-18
337.22   6.569E-18
337.43   5.394E-18
337.65   4.494E-18
337.86   3.769E-18
338.08   3.335E-18
338.29   3.179E-18
338.50   2.915E-18
338.72   2.610E-18
338.93   2.403E-18
339.15   2.241E-18
339.36   2.019E-18
339.58   1.821E-18
339.79   1.687E-18
340.01   1.660E-18
340.22   1.923E-18
340.43   2.318E-18
340.65   2.381E-18
340.86   2.351E-18
341.08   2.374E-18
341.29   2.337E-18
341.51   2.412E-18
341.72   2.966E-18
341.93   3.816E-18
342.15   4.138E-18
342.36   4.198E-18
342.58   4.372E-18
342.79   4.915E-18
343.01   7.049E-18
343.22   1.080E-17
343.43   1.210E-17
343.65   1.173E-17
343.86   1.133E-17
344.08   1.039E-17
344.29   8.911E-18
344.51   7.443E-18
344.72   6.132E-18
344.94   5.081E-18
345.15   4.243E-18
345.36   3.623E-18
345.58   3.309E-18
345.79   3.100E-18
346.01   2.801E-18
346.22   2.544E-18
346.44   2.405E-18
346.65   2.320E-18
346.86   2.163E-18
347.08   2.011E-18
347.29   1.903E-18
347.51   1.846E-18
347.72   1.967E-18
347.94   2.415E-18
348.15   2.824E-18
348.37   2.888E-18
348.58   2.869E-18
348.79   2.832E-18
349.01   2.716E-18
349.22   2.796E-18
349.44   3.552E-18
349.65   4.682E-18
349.87   5.175E-18
350.08   5.251E-18
350.29   5.377E-18
350.51   5.556E-18
350.72   6.368E-18
350.94   8.975E-18
351.15   1.197E-17
351.37   1.254E-17
351.58   1.203E-17
351.80   1.142E-17
352.01   1.017E-17
352.22   8.672E-18
352.44   7.212E-18
352.65   5.981E-18
352.87   4.956E-18
353.08   4.146E-18
353.30   3.543E-18
353.51   3.204E-18
353.72   2.993E-18
353.94   2.708E-18
354.15   2.467E-18
354.37   2.347E-18
354.58   2.378E-18
354.80   2.376E-18
355.01   2.248E-18
355.23   2.159E-18
355.44   2.066E-18
355.65   1.995E-18
355.87   2.130E-18
356.08   2.677E-18
356.30   3.250E-18
356.51   3.340E-18
356.73   3.336E-18
356.94   3.287E-18
357.15   3.106E-18
357.37   3.076E-18
357.58   3.636E-18
357.80   5.020E-18
358.01   5.835E-18
358.23   5.941E-18
358.44   5.976E-18
358.66   5.934E-18
358.87   5.873E-18
359.08   6.556E-18
359.30   8.900E-18
359.51   1.187E-17
359.73   1.227E-17
359.94   1.181E-17
360.16   1.116E-17
360.37   9.910E-18
360.58   8.404E-18
360.80   7.025E-18
361.01   5.829E-18
361.23   4.848E-18
361.44   4.025E-18
361.66   3.413E-18
361.87   3.004E-18
362.08   2.817E-18
362.30   2.590E-18
362.51   2.327E-18
362.73   2.184E-18
362.94   2.219E-18
363.16   2.443E-18
363.37   2.465E-18
363.59   2.378E-18
363.80   2.324E-18
364.01   2.167E-18
364.23   2.024E-18
364.44   2.051E-18
364.66   2.562E-18
364.87   3.436E-18
365.09   3.654E-18
365.30   3.676E-18
365.51   3.673E-18
365.73   3.448E-18
365.94   3.224E-18
366.21   3.754E-18
366.44   5.433E-18
366.66   5.925E-18
366.87   5.882E-18
367.09   5.867E-18
367.30   5.494E-18
367.51   5.174E-18
367.73   5.269E-18
367.94   7.279E-18
368.16   1.074E-17
368.37   1.135E-17
368.59   1.100E-17
368.80   1.046E-17
369.01   9.113E-18
369.23   7.629E-18
369.44   6.325E-18
369.66   5.166E-18
369.87   4.213E-18
370.09   3.447E-18
370.30   2.833E-18
370.51   2.409E-18
370.73   2.259E-18
370.94   2.029E-18
371.16   1.803E-18
371.37   1.625E-18
371.59   1.650E-18
371.80   2.049E-18
372.01   2.145E-18
372.23   2.079E-18
372.44   2.073E-18
372.66   1.872E-18
372.87   1.665E-18
373.09   1.513E-18
373.30   1.569E-18
373.51   2.429E-18
373.73   3.315E-18
373.94   3.399E-18
374.16   3.519E-18
374.37   3.364E-18
374.59   3.041E-18
374.80   2.742E-18
375.01   2.832E-18
375.23   4.096E-18
375.44   5.321E-18
375.66   5.444E-18
375.87   5.441E-18
376.09   5.206E-18
376.30   4.807E-18
376.51   4.412E-18
376.73   4.114E-18
376.94   4.782E-18
377.16   8.043E-18
377.37   9.889E-18
377.59   9.847E-18
377.80   9.708E-18
378.01   8.706E-18
378.23   7.389E-18
378.44   6.155E-18
378.66   5.096E-18
378.87   4.144E-18
379.09   3.403E-18
379.30   2.759E-18
379.51   2.278E-18
379.73   1.969E-18
379.94   1.864E-18
380.16   1.638E-18
380.37   1.437E-18
380.59   1.289E-18
380.80   1.302E-18
381.01   1.697E-18
381.23   1.894E-18
381.44   1.886E-18
381.66   1.903E-18
381.87   1.726E-18
382.09   1.530E-18
382.30   1.319E-18
382.51   1.158E-18
382.73   1.221E-18
382.94   2.166E-18
383.16   3.093E-18
383.37   3.241E-18
383.59   3.395E-18
383.80   3.245E-18
384.01   2.884E-18
384.23   2.556E-18
384.44   2.348E-18
384.66   2.863E-18
384.87   4.240E-18
385.09   4.539E-18
385.30   4.594E-18
385.51   4.419E-18
385.73   4.074E-18
385.94   3.707E-18
386.16   3.288E-18
386.37   2.958E-18
386.59   3.097E-18
386.80   5.579E-18
387.01   8.063E-18
387.23   8.374E-18
387.44   8.473E-18
387.66   7.701E-18
387.87   6.582E-18
388.09   5.531E-18
388.30   4.584E-18
388.51   3.767E-18
388.73   3.090E-18
388.94   2.529E-18
389.16   2.103E-18
389.37   1.720E-18
389.59   1.544E-18
389.80   1.409E-18
390.01   1.255E-18
390.23   1.110E-18
390.44   9.716E-19
390.66   9.692E-19
390.87   1.290E-18
391.09   1.483E-18
391.30   1.528E-18
391.51   1.530E-18
391.73   1.416E-18
391.94   1.237E-18
392.16   1.069E-18
392.37   9.139E-19
392.59   7.908E-19
392.80   8.698E-19
393.01   1.709E-18
393.23   2.573E-18
393.44   2.812E-18
393.66   2.969E-18
393.87   2.817E-18
394.09   2.510E-18
394.30   2.211E-18
394.51   1.937E-18
394.73   1.903E-18
394.94   2.658E-18
395.16   3.244E-18
395.37   3.336E-18
395.58   3.288E-18
395.80   3.036E-18
396.01   2.792E-18
396.23   2.494E-18
396.44   2.222E-18
396.66   1.930E-18
396.87   1.874E-18
397.08   2.918E-18
397.30   5.367E-18
397.51   6.423E-18
397.73   6.695E-18
397.94   6.345E-18
398.16   5.560E-18
398.37   4.701E-18
398.58   3.935E-18
398.80   3.254E-18
399.01   2.683E-18
399.23   2.206E-18
399.44   1.823E-18
399.66   1.528E-18
399.87   1.269E-18
400.08   1.126E-18
400.30   1.023E-18
400.51   8.982E-19
400.73   7.837E-19
400.94   6.640E-19
401.16   6.229E-19
401.37   7.290E-19
401.58   9.366E-19
401.80   1.014E-18
402.01   1.039E-18
402.23   1.016E-18
402.44   9.217E-19
402.66   8.030E-19
402.87   6.935E-19
403.08   5.672E-19
403.30   4.887E-19
403.51   4.879E-19
403.73   8.080E-19
403.94   1.585E-18
404.16   2.082E-18
404.37   2.279E-18
404.58   2.279E-18
404.80   2.107E-18
405.01   1.874E-18
405.23   1.632E-18
405.44   1.413E-18
405.66   1.367E-18
405.87   1.659E-18
406.08   1.993E-18
406.30   2.091E-18
406.51   2.046E-18
406.73   1.884E-18
406.94   1.734E-18
407.16   1.582E-18
407.37   1.404E-18
407.58   1.227E-18
407.80   1.061E-18
408.01   1.046E-18
408.23   1.607E-18
408.44   2.992E-18
408.66   4.281E-18
408.87   4.676E-18
409.08   4.569E-18
409.30   4.064E-18
409.51   3.490E-18
409.73   2.979E-18
409.94   2.487E-18
410.16   2.039E-18
410.37   1.667E-18
410.58   1.385E-18
410.80   1.164E-18
411.01   9.571E-19
411.23   8.266E-19
411.44   7.364E-19
411.66   6.349E-19
411.87   5.653E-19
412.08   4.786E-19
412.30   4.104E-19
412.51   3.665E-19
412.73   3.768E-19
412.94   4.608E-19
413.16   5.386E-19
413.37   5.618E-19
413.58   5.381E-19
413.80   5.300E-19
414.01   4.684E-19
414.23   4.012E-19
414.44   3.364E-19
414.66   2.581E-19
414.87   2.136E-19
415.08   1.838E-19
415.30   2.943E-19
415.51   6.504E-19
415.73   1.193E-18
415.94   1.462E-18
416.16   1.524E-18
416.37   1.468E-18
416.58   1.347E-18
416.80   1.195E-18
417.01   1.009E-18
417.23   8.387E-19
417.44   8.138E-19
417.66   8.788E-19
417.87   1.036E-18
418.08   1.076E-18
418.30   1.038E-18
418.51   9.280E-19
418.73   8.355E-19
418.94   8.167E-19
419.16   7.150E-19
419.37   6.274E-19
419.58   5.250E-19
419.80   4.775E-19
420.01   3.993E-19
420.23   6.896E-19
420.44   1.399E-18
420.66   2.440E-18
420.87   2.921E-18
421.08   2.904E-18
421.30   2.605E-18
421.51   2.254E-18
421.73   1.894E-18
421.94   1.593E-18
422.16   1.306E-18
422.37   1.065E-18
422.58   9.013E-19
422.80   7.181E-19
423.01   6.202E-19
423.23   4.991E-19
423.44   4.389E-19
423.67   3.038E-19
423.89   2.402E-19
424.11   1.996E-19
424.32   2.440E-19
424.54   2.910E-19
424.75   3.401E-19
424.97   3.363E-19
425.18   3.361E-19
425.39   3.087E-19
425.61   2.836E-19
425.82   2.524E-19
426.04   2.115E-19
426.25   1.796E-19
426.47   1.555E-19
426.68   1.338E-19
426.90   1.391E-19
427.11   2.512E-19
427.33   6.169E-19
427.54   8.579E-19
427.75   9.096E-19
427.97   9.104E-19
428.18   8.662E-19
428.40   7.740E-19
428.61   6.741E-19
428.83   5.744E-19
429.04   4.915E-19
429.26   4.623E-19
429.47   5.107E-19
429.69   5.190E-19
429.90   4.835E-19
430.11   4.260E-19
430.33   3.771E-19
430.54   3.658E-19
430.76   3.511E-19
430.97   3.087E-19
431.19   2.701E-19
431.40   2.337E-19
431.62   1.988E-19
431.83   1.776E-19
432.04   1.903E-19
432.26   3.848E-19
432.47   1.017E-18
432.69   1.466E-18
432.90   1.533E-18
433.12   1.415E-18
433.33   1.244E-18
433.55   1.064E-18
433.76   9.026E-19
433.98   7.623E-19
434.19   6.365E-19
434.40   5.355E-19
434.62   4.589E-19
434.83   3.832E-19
435.05   3.465E-19
435.26   2.957E-19
435.48   2.660E-19
435.69   2.352E-19
435.91   2.131E-19
436.12   1.843E-19
436.34   1.630E-19
436.55   1.401E-19
436.76   1.282E-19
436.98   1.186E-19
437.19   1.331E-19
437.41   1.625E-19
437.62   1.832E-19
437.84   1.831E-19
438.05   1.705E-19
438.27   1.529E-19
438.48   1.360E-19
438.70   1.229E-19
438.91   9.166E-20
439.12   7.246E-20
439.34   4.957E-20
439.55   3.354E-20
439.77   2.569E-20
439.98   1.713E-20
440.20   4.770E-20
440.41   2.001E-19
440.63   3.435E-19
440.84   3.708E-19
441.06   3.764E-19
441.27   3.803E-19
441.48   3.524E-19
441.70   3.052E-19
441.91   2.632E-19
442.13   2.180E-19
442.34   1.921E-19
442.56   1.890E-19
442.77   1.804E-19
442.99   1.638E-19
443.20   1.427E-19
443.42   1.271E-19
443.63   1.136E-19
443.84   1.202E-19
444.06   1.206E-19
444.27   1.125E-19
444.49   9.978E-20
444.70   9.335E-20
444.92   8.011E-20
445.13   6.716E-20
445.35   7.152E-20
445.56   9.383E-20
445.78   1.385E-19
445.99   3.342E-19
446.20   5.915E-19
446.42   6.553E-19
446.63   6.217E-19
446.85   5.588E-19
447.06   4.822E-19
447.28   4.101E-19
447.49   3.464E-19
447.71   2.876E-19
447.92   2.386E-19
448.13   1.972E-19
448.35   1.604E-19
448.56   1.356E-19
448.78   1.047E-19
448.99   8.700E-20
449.21   7.685E-20
449.42   5.606E-20
449.64   4.850E-20
449.85   3.453E-20
450.07   2.847E-20
450.28   3.937E-20
450.49   7.275E-20
450.71   7.525E-20
450.92   4.924E-20
451.14   4.337E-20
451.35   5.019E-20
451.57   6.421E-20
451.78   5.526E-20
452.00   5.065E-20
452.21   4.854E-20
452.43   3.979E-20
452.64   3.915E-20
452.85   6.060E-20
453.07   7.114E-20
453.28   4.767E-20
453.50   2.786E-20
453.71   2.125E-20
453.93   2.101E-20
454.14   1.269E-20
454.36   2.958E-20
454.57   4.913E-20
454.79   1.000E-19
455.00   1.281E-19
455.21   1.377E-19
455.43   1.495E-19
455.64   1.501E-19
455.86   1.405E-19
456.07   1.195E-19
456.29   1.053E-19
456.50   9.339E-20
456.72   7.789E-20
456.93   7.275E-20
457.15   6.018E-20
457.36   5.344E-20
457.57   4.813E-20
457.79   4.057E-20
458.00   3.732E-20
458.22   3.144E-20
458.43   3.666E-20
458.65   2.828E-20
458.86   2.993E-20
459.08   2.474E-20
459.29   2.254E-20
459.51   1.705E-20
459.72   7.933E-21
459.93   4.466E-21
460.15   1.340E-20
460.36   2.308E-20
460.58   3.011E-20
460.79   7.413E-20
461.01   1.351E-19
461.22   1.639E-19
461.44   1.673E-19
461.65   1.682E-19
461.87   1.470E-19
462.08   1.338E-19
462.29   1.257E-19
462.51   1.062E-19
462.72   9.955E-20
462.94   9.954E-20
463.15   9.180E-20
463.37   9.550E-20
463.58   8.941E-20
463.80   9.398E-20
464.01   9.377E-20
464.22   8.348E-20
464.44   7.765E-20
464.65   6.637E-20
464.87   6.386E-20
465.08   5.687E-20
465.30   5.519E-20
465.51   4.627E-20
465.73   4.639E-20
465.94   3.781E-20
466.16   4.039E-20
466.37   4.786E-20
466.58   5.945E-20
466.80   6.297E-20
467.01   5.851E-20
467.23   5.564E-20
467.44   5.118E-20
467.66   5.303E-20
467.87   5.672E-20
468.09   6.336E-20
468.30   7.734E-20
468.52   8.685E-20
468.73   9.547E-20
468.94   8.855E-20
469.16   7.626E-20
469.37   6.929E-20
469.59   5.685E-20
469.80   4.392E-20
470.02   3.726E-20
470.23   3.437E-20
470.45   3.516E-20
470.66   3.745E-20
470.88   3.329E-20
471.09   4.108E-20
471.30   4.395E-20
471.52   3.535E-20
471.73   3.278E-20
471.95   2.603E-20
472.16   2.042E-20
472.38   1.353E-20
472.59   9.544E-21
472.81   6.312E-21
473.02   1.259E-21
473.24   3.331E-21
473.45   9.799E-21
473.66   4.225E-21
473.88   1.201E-20
474.09   1.936E-21
474.31   3.901E-21
474.52   1.694E-20
474.74   5.217E-20



