516    8.33e-18
517    6.96e-18
518    5.65e-18
519    5.99e-18
520    7.19e-18
521    6.26e-18
522    5.73e-18
523    5.17e-18
524    4.96e-18
525    5.34e-18
526    7.54e-18
527    8.40e-18
528    6.97e-18
529    6.26e-18
530    6.51e-18
531    9.89e-18
532    1.012e-17
533    7.79e-18
534    6.36e-18
535    5.19e-18
536    6.43e-18
537    7.09e-18
538    6.40e-18
539    5.48e-18
540    4.70e-18
541    4.51e-18
542    4.94e-18
543    7.15e-18
544    8.16e-18
545    6.76e-18
546    5.82e-18
547    5.13e-18
548    6.65e-18
549    1.030e-17
550    8.42e-18
551    5.75e-18
552    4.29e-18
553    3.77e-18
554    6.09e-18
555    6.61e-18
556    6.04e-18
557    4.74e-18
558    3.93e-18
559    3.73e-18
560    3.50e-18
561    4.76e-18
562    7.69e-18
563    7.09e-18
564    5.24e-18
565    4.42e-18
566    3.84e-18
567    6.13e-18
568    9.37e-18
569    6.99e-18
570    4.75e-18
571    3.22e-18
572    2.24e-18
