185    1.853e-17
190    2.012e-17
195    1.226e-17
200    7.32e-18
205    5.19e-18
210    4.18e-18
215    3.52e-18
220    3.02e-18
225    2.60e-18
230    2.25e-18
235    1.97e-18
240    1.69e-18
245    1.47e-18
250    1.28e-18
255    1.10e-18
260    9.71e-19
265    8.42e-19
270    7.29e-19
275    6.31e-19
280    5.44e-19
285    4.59e-19
290    3.89e-19
295    3.24e-19
300    2.74e-19
305    2.31e-19
310    1.81e-19
315    1.51e-19
320    1.22e-19
325    1.05e-19
330    7.79e-20
335    6.18e-20
340    4.71e-20
345    4.08e-20
350    2.58e-20
355    1.94e-20
360    1.24e-20
365    1.02e-20
370    6.59e-21
375    8.23e-21
380    1.14e-20
385    1.01e-20
390    9.25e-21
395    1.11e-20
400    2.93e-20
405    3.89e-20
410    4.43e-20
415    5.44e-20
420    5.96e-20
425    8.32e-20
430    1.35e-19
435    1.57e-19
440    2.03e-19
445    2.58e-19
450    3.33e-19
455    4.40e-19
460    5.71e-19
465    7.22e-19
470    8.97e-19
475    1.09e-18
480    1.31e-18
485    1.55e-18
490    1.79e-18
495    2.04e-18
500    2.28e-18
505    2.54e-18
510    2.77e-18
515    2.97e-18
520    3.09e-18
525    3.19e-18
530    3.26e-18
535    3.20e-18
540    3.06e-18
545    2.81e-18
550    2.65e-18
555    2.37e-18
560    1.91e-18
565    1.55e-18
570    1.30e-18
575    9.66e-19
580    9.27e-19
585    7.41e-19
590    6.58e-19
595    5.94e-19
600    4.74e-19
605    4.33e-19
610    4.08e-19
615    3.44e-19
620    3.05e-19
625    2.82e-19
630    2.80e-19
635    2.26e-19
640    2.36e-19
645    2.28e-19
650    2.16e-19
655    2.07e-19
660    1.90e-19
665    1.73e-19
670    1.77e-19
675    1.59e-19
680    1.49e-19
685    1.39e-19
690    1.28e-19
695    1.09e-19
700    1.03e-19