280    7.70e-22
282    1.21e-21
284    1.86e-21
286    2.81e-21
288    4.17e-21
290    6.08e-21
292    8.67e-21
294    1.22e-20
296    1.68e-20
298    2.27e-20
300    3.02e-20
302    3.95e-20
304    5.09e-20
306    6.44e-20
308    8.03e-20
310    9.85e-20
312    1.19e-19
314    1.42e-19
316    1.66e-19
318    1.92e-19
320    2.19e-19
322    2.46e-19
324    2.73e-19
326    2.99e-19
328    3.22e-19
330    3.43e-19
332    3.61e-19
334    3.76e-19
336    3.85e-19
338    3.91e-19
340    3.92e-19
342    3.89e-19
344    3.82e-19
346    3.71e-19
348    3.56e-19
350    3.39e-19
352    3.20e-19
354    3.01e-19
356    2.80e-19
358    2.60e-19
360    2.41e-19
362    2.24e-19
364    2.08e-19
366    1.95e-19
368    1.85e-19
370    1.78e-19
372    1.74e-19
374    1.73e-19
376    1.75e-19
378    1.80e-19
380    1.88e-19
382    1.97e-19
384    2.08e-19
386    2.21e-19
388    2.34e-19
390    2.48e-19
392    2.61e-19
394    2.73e-19
396    2.84e-19
398    2.94e-19
400    3.01e-19
402    3.06e-19
404    3.09e-19
406    3.09e-19
408    3.07e-19
410    3.02e-19
412    2.95e-19
414    2.85e-19
416    2.74e-19
418    2.61e-19
420    2.47e-19
422    2.31e-19
424    2.15e-19
426    1.99e-19
428    1.82e-19
430    1.66e-19
432    1.50e-19
434    1.34e-19
436    1.19e-19
438    1.06e-19
440    9.30e-20
442    8.10e-20
444    7.03e-20
446    6.05e-20
448    5.17e-20
450    4.40e-20
452    3.72e-20
454    3.13e-20
456    2.61e-20
458    2.17e-20
460    1.79e-20
462    1.47e-20
464    1.20e-20
466    9.73e-21
468    7.85e-21
470    6.32e-21
472    5.05e-21
474    4.02e-21
476    3.18e-21
478    2.50e-21
480    1.96e-21
