339    8.12e-19
340    1.18e-18
341    1.00e-18
342    1.07e-18
343    8.90e-19
344    9.62e-19
345    8.62e-19
346    1.26e-18
347    1.12e-18
348    1.08e-18
349    1.42e-18
350    1.60e-18
351    1.54e-18
352    1.65e-18
353    1.63e-18
354    1.81e-18
355    1.85e-18
356    1.94e-18
357    2.07e-18
358    2.23e-18
359    2.30e-18
360    2.42e-18
361    2.47e-18
362    2.42e-18
363    2.41e-18
364    2.68e-18
365    2.73e-18
366    2.91e-18
367    3.13e-18
368    3.26e-18
369    3.43e-18
370    3.46e-18
371    3.39e-18
372    3.60e-18
373    3.81e-18
374    4.13e-18
375    4.22e-18
376    4.02e-18
377    4.13e-18
378    4.35e-18
379    4.63e-18
380    5.04e-18
381    5.48e-18
382    4.72e-18
383    4.35e-18
384    5.23e-18
385    5.60e-18
386    5.91e-18
387    6.03e-18
388    5.80e-18
389    5.98e-18
390    6.22e-18
391    6.20e-18
392    6.17e-18
393    6.42e-18
394    6.84e-18
395    6.94e-18
396    7.09e-18
397    7.01e-18
398    6.54e-18
399    6.71e-18
400    6.71e-18
401    7.00e-18
402    7.65e-18
403    8.59e-18
404    8.64e-18
405    7.87e-18
406    6.67e-18
407    6.06e-18
408    5.78e-18
409    6.43e-18
410    8.13e-18
411    1.01e-17
412    9.76e-18
413    7.86e-18
414    5.89e-18
415    5.68e-18
416    4.14e-18
417    4.60e-18
418    7.34e-18
419    1.38e-17
420    1.20e-17
421    6.81e-18
422    3.65e-18
423    2.53e-18
424    2.04e-18
425    2.05e-18
426    3.02e-18
427    2.05e-17
428    1.37e-17
429    5.43e-18
430    3.09e-18
431    2.08e-18
432    1.73e-18
433    1.66e-18
434    1.77e-18
435    6.53e-18
436    1.88e-17
437    8.07e-18
438    3.81e-18
439    2.49e-18
440    2.56e-18
441    2.19e-18
442    1.68e-18
443    1.83e-18
444    1.95e-18
445    9.57e-18
446    8.05e-18
447    3.92e-18
448    2.14e-18
449    2.69e-18
450    1.56e-18
451    9.69e-19
452    1.02e-18
453    8.73e-19
454    1.00e-18
455    4.57e-18
456    4.41e-18
457    2.13e-18
458    1.32e-18
459    1.83e-18
460    1.23e-18
461    8.23e-19
462    5.19e-19
463    5.36e-19
464    3.82e-19
465    4.34e-19
466    1.18e-18
467    1.34e-18
468    6.72e-19
469    2.42e-19
470    1.25e-18
471    7.64e-19