Spectral actinic flux, quanta cm-2 s-1 nm-1
values at z =      6.000 km
Columns: wavelength (nm), solar zenith angles (deg.)
    wc, nm      0.000      5.000     10.000     15.000     20.000     25.000     30.000     35.000     40.000     45.000     50.000     55.000     60.000     65.000     70.000     75.000     80.000     85.000     90.000
  120.7000  0.000E+00  0.000E+00  0.000E+00  0.000E+00  0.000E+00  0.000E+00  0.000E+00  0.000E+00  0.000E+00  0.000E+00  0.000E+00  0.000E+00  0.000E+00  0.000E+00  0.000E+00  0.000E+00  0.000E+00  0.000E+00  0.000E+00
  121.6500  0.000E+00  0.000E+00  0.000E+00  0.000E+00  0.000E+00  0.000E+00  0.000E+00  0.000E+00  0.000E+00  0.000E+00  0.000E+00  0.000E+00  0.000E+00  0.000E+00  0.000E+00  0.000E+00  0.000E+00  0.000E+00  0.000E+00
  122.1000  0.000E+00  0.000E+00  0.000E+00  0.000E+00  0.000E+00  0.000E+00  0.000E+00  0.000E+00  0.000E+00  0.000E+00  0.000E+00  0.000E+00  0.000E+00  0.000E+00  0.000E+00  0.000E+00  0.000E+00  0.000E+00  0.000E+00
  122.7000  0.000E+00  0.000E+00  0.000E+00  0.000E+00  0.000E+00  0.000E+00  0.000E+00  0.000E+00  0.000E+00  0.000E+00  0.000E+00  0.000E+00  0.000E+00  0.000E+00  0.000E+00  0.000E+00  0.000E+00  0.000E+00  0.000E+00
  123.4500  0.000E+00  0.000E+00  0.000E+00  0.000E+00  0.000E+00  0.000E+00  0.000E+00  0.000E+00  0.000E+00  0.000E+00  0.000E+00  0.000E+00  0.000E+00  0.000E+00  0.000E+00  0.000E+00  0.000E+00  0.000E+00  0.000E+00
  124.2000  0.000E+00  0.000E+00  0.000E+00  0.000E+00  0.000E+00  0.000E+00  0.000E+00  0.000E+00  0.000E+00  0.000E+00  0.000E+00  0.000E+00  0.000E+00  0.000E+00  0.000E+00  0.000E+00  0.000E+00  0.000E+00  0.000E+00
  125.0000  0.000E+00  0.000E+00  0.000E+00  0.000E+00  0.000E+00  0.000E+00  0.000E+00  0.000E+00  0.000E+00  0.000E+00  0.000E+00  0.000E+00  0.000E+00  0.000E+00  0.000E+00  0.000E+00  0.000E+00  0.000E+00  0.000E+00
  125.8000  0.000E+00  0.000E+00  0.000E+00  0.000E+00  0.000E+00  0.000E+00  0.000E+00  0.000E+00  0.000E+00  0.000E+00  0.000E+00  0.000E+00  0.000E+00  0.000E+00  0.000E+00  0.000E+00  0.000E+00  0.000E+00  0.000E+00
  126.6000  0.000E+00  0.000E+00  0.000E+00  0.000E+00  0.000E+00  0.000E+00  0.000E+00  0.000E+00  0.000E+00  0.000E+00  0.000E+00  0.000E+00  0.000E+00  0.000E+00  0.000E+00  0.000E+00  0.000E+00  0.000E+00  0.000E+00
  127.8000  0.000E+00  0.000E+00  0.000E+00  0.000E+00  0.000E+00  0.000E+00  0.000E+00  0.000E+00  0.000E+00  0.000E+00  0.000E+00  0.000E+00  0.000E+00  0.000E+00  0.000E+00  0.000E+00  0.000E+00  0.000E+00  0.000E+00
  129.0000  0.000E+00  0.000E+00  0.000E+00  0.000E+00  0.000E+00  0.000E+00  0.000E+00  0.000E+00  0.000E+00  0.000E+00  0.000E+00  0.000E+00  0.000E+00  0.000E+00  0.000E+00  0.000E+00  0.000E+00  0.000E+00  0.000E+00
  129.8500  0.000E+00  0.000E+00  0.000E+00  0.000E+00  0.000E+00  0.000E+00  0.000E+00  0.000E+00  0.000E+00  0.000E+00  0.000E+00  0.000E+00  0.000E+00  0.000E+00  0.000E+00  0.000E+00  0.000E+00  0.000E+00  0.000E+00
  131.1500  0.000E+00  0.000E+00  0.000E+00  0.000E+00  0.000E+00  0.000E+00  0.000E+00  0.000E+00  0.000E+00  0.000E+00  0.000E+00  0.000E+00  0.000E+00  0.000E+00  0.000E+00  0.000E+00  0.000E+00  0.000E+00  0.000E+00
  133.5000  0.000E+00  0.000E+00  0.000E+00  0.000E+00  0.000E+00  0.000E+00  0.000E+00  0.000E+00  0.000E+00  0.000E+00  0.000E+00  0.000E+00  0.000E+00  0.000E+00  0.000E+00  0.000E+00  0.000E+00  0.000E+00  0.000E+00
  136.0000  0.000E+00  0.000E+00  0.000E+00  0.000E+00  0.000E+00  0.000E+00  0.000E+00  0.000E+00  0.000E+00  0.000E+00  0.000E+00  0.000E+00  0.000E+00  0.000E+00  0.000E+00  0.000E+00  0.000E+00  0.000E+00  0.000E+00
  141.0000  0.000E+00  0.000E+00  0.000E+00  0.000E+00  0.000E+00  0.000E+00  0.000E+00  0.000E+00  0.000E+00  0.000E+00  0.000E+00  0.000E+00  0.000E+00  0.000E+00  0.000E+00  0.000E+00  0.000E+00  0.000E+00  0.000E+00
  150.0000  0.000E+00  0.000E+00  0.000E+00  0.000E+00  0.000E+00  0.000E+00  0.000E+00  0.000E+00  0.000E+00  0.000E+00  0.000E+00  0.000E+00  0.000E+00  0.000E+00  0.000E+00  0.000E+00  0.000E+00  0.000E+00  0.000E+00
  160.0000  0.000E+00  0.000E+00  0.000E+00  0.000E+00  0.000E+00  0.000E+00  0.000E+00  0.000E+00  0.000E+00  0.000E+00  0.000E+00  0.000E+00  0.000E+00  0.000E+00  0.000E+00  0.000E+00  0.000E+00  0.000E+00  0.000E+00
  167.5000  0.000E+00  0.000E+00  0.000E+00  0.000E+00  0.000E+00  0.000E+00  0.000E+00  0.000E+00  0.000E+00  0.000E+00  0.000E+00  0.000E+00  0.000E+00  0.000E+00  0.000E+00  0.000E+00  0.000E+00  0.000E+00  0.000E+00
  172.2000  0.000E+00  0.000E+00  0.000E+00  0.000E+00  0.000E+00  0.000E+00  0.000E+00  0.000E+00  0.000E+00  0.000E+00  0.000E+00  0.000E+00  0.000E+00  0.000E+00  0.000E+00  0.000E+00  0.000E+00  0.000E+00  0.000E+00
  175.7000  0.000E+00  0.000E+00  0.000E+00  0.000E+00  0.000E+00  0.000E+00  0.000E+00  0.000E+00  0.000E+00  0.000E+00  0.000E+00  0.000E+00  0.000E+00  0.000E+00  0.000E+00  0.000E+00  0.000E+00  0.000E+00  0.000E+00
  177.8000  0.000E+00  0.000E+00  0.000E+00  0.000E+00  0.000E+00  0.000E+00  0.000E+00  0.000E+00  0.000E+00  0.000E+00  0.000E+00  0.000E+00  0.000E+00  0.000E+00  0.000E+00  0.000E+00  0.000E+00  0.000E+00  0.000E+00
  179.4000  0.000E+00  0.000E+00  0.000E+00  0.000E+00  0.000E+00  0.000E+00  0.000E+00  0.000E+00  0.000E+00  0.000E+00  0.000E+00  0.000E+00  0.000E+00  0.000E+00  0.000E+00  0.000E+00  0.000E+00  0.000E+00  0.000E+00
  181.0000  0.000E+00  0.000E+00  0.000E+00  0.000E+00  0.000E+00  0.000E+00  0.000E+00  0.000E+00  0.000E+00  0.000E+00  0.000E+00  0.000E+00  0.000E+00  0.000E+00  0.000E+00  0.000E+00  0.000E+00  0.000E+00  0.000E+00
  182.6500  0.000E+00  0.000E+00  0.000E+00  0.000E+00  0.000E+00  0.000E+00  0.000E+00  0.000E+00  0.000E+00  0.000E+00  0.000E+00  0.000E+00  0.000E+00  0.000E+00  0.000E+00  0.000E+00  0.000E+00  0.000E+00  0.000E+00
  184.3500  0.000E+00  0.000E+00  0.000E+00  0.000E+00  0.000E+00  0.000E+00  0.000E+00  0.000E+00  0.000E+00  0.000E+00  0.000E+00  0.000E+00  0.000E+00  0.000E+00  0.000E+00  0.000E+00  0.000E+00  0.000E+00  0.000E+00
  186.0500  0.000E+00  0.000E+00  0.000E+00  0.000E+00  0.000E+00  0.000E+00  0.000E+00  0.000E+00  0.000E+00  0.000E+00  0.000E+00  0.000E+00  0.000E+00  0.000E+00  0.000E+00  0.000E+00  0.000E+00  0.000E+00  0.000E+00
  187.8000  0.000E+00  0.000E+00  0.000E+00  0.000E+00  0.000E+00  0.000E+00  0.000E+00  0.000E+00  0.000E+00  0.000E+00  0.000E+00  0.000E+00  0.000E+00  0.000E+00  0.000E+00  0.000E+00  0.000E+00  0.000E+00  0.000E+00
  189.6000  0.000E+00  0.000E+00  0.000E+00  0.000E+00  0.000E+00  0.000E+00  0.000E+00  0.000E+00  0.000E+00  0.000E+00  0.000E+00  0.000E+00  0.000E+00  0.000E+00  0.000E+00  0.000E+00  0.000E+00  0.000E+00  0.000E+00
  191.4000  0.000E+00  0.000E+00  0.000E+00  0.000E+00  0.000E+00  0.000E+00  0.000E+00  0.000E+00  0.000E+00  0.000E+00  0.000E+00  0.000E+00  0.000E+00  0.000E+00  0.000E+00  0.000E+00  0.000E+00  0.000E+00  0.000E+00
  193.2500  0.000E+00  0.000E+00  0.000E+00  0.000E+00  0.000E+00  0.000E+00  0.000E+00  0.000E+00  0.000E+00  0.000E+00  0.000E+00  0.000E+00  0.000E+00  0.000E+00  0.000E+00  0.000E+00  0.000E+00  0.000E+00  0.000E+00
  195.1500  0.000E+00  0.000E+00  0.000E+00  0.000E+00  0.000E+00  0.000E+00  0.000E+00  0.000E+00  0.000E+00  0.000E+00  0.000E+00  0.000E+00  0.000E+00  0.000E+00  0.000E+00  0.000E+00  0.000E+00  0.000E+00  0.000E+00
  197.0500  0.000E+00  0.000E+00  0.000E+00  0.000E+00  0.000E+00  0.000E+00  0.000E+00  0.000E+00  0.000E+00  0.000E+00  0.000E+00  0.000E+00  0.000E+00  0.000E+00  0.000E+00  0.000E+00  0.000E+00  0.000E+00  0.000E+00
  199.0000  0.000E+00  0.000E+00  0.000E+00  0.000E+00  0.000E+00  0.000E+00  0.000E+00  0.000E+00  0.000E+00  0.000E+00  0.000E+00  0.000E+00  0.000E+00  0.000E+00  0.000E+00  0.000E+00  0.000E+00  0.000E+00  0.000E+00
  201.0000  0.000E+00  0.000E+00  0.000E+00  0.000E+00  0.000E+00  0.000E+00  0.000E+00  0.000E+00  0.000E+00  0.000E+00  0.000E+00  0.000E+00  0.000E+00  0.000E+00  0.000E+00  0.000E+00  0.000E+00  0.000E+00  0.000E+00
  203.0500  0.000E+00  0.000E+00  0.000E+00  0.000E+00  0.000E+00  0.000E+00  0.000E+00  0.000E+00  0.000E+00  0.000E+00  0.000E+00  0.000E+00  0.000E+00  0.000E+00  0.000E+00  0.000E+00  0.000E+00  0.000E+00  0.000E+00
  204.9500  0.000E+00  0.000E+00  0.000E+00  0.000E+00  0.000E+00  0.000E+00  0.000E+00  0.000E+00  0.000E+00  0.000E+00  0.000E+00  0.000E+00  0.000E+00  0.000E+00  0.000E+00  0.000E+00  0.000E+00  0.000E+00  0.000E+00
  207.0665  0.000E+00  0.000E+00  0.000E+00  0.000E+00  0.000E+00  0.000E+00  0.000E+00  0.000E+00  0.000E+00  0.000E+00  0.000E+00  0.000E+00  0.000E+00  0.000E+00  0.000E+00  0.000E+00  0.000E+00  0.000E+00  0.000E+00
  209.4295  0.000E+00  0.000E+00  0.000E+00  0.000E+00  0.000E+00  0.000E+00  0.000E+00  0.000E+00  0.000E+00  0.000E+00  0.000E+00  0.000E+00  0.000E+00  0.000E+00  0.000E+00  0.000E+00  0.000E+00  0.000E+00  0.000E+00
  211.6460  0.000E+00  0.000E+00  0.000E+00  0.000E+00  0.000E+00  0.000E+00  0.000E+00  0.000E+00  0.000E+00  0.000E+00  0.000E+00  0.000E+00  0.000E+00  0.000E+00  0.000E+00  0.000E+00  0.000E+00  0.000E+00  0.000E+00
  213.9100  0.000E+00  0.000E+00  0.000E+00  0.000E+00  0.000E+00  0.000E+00  0.000E+00  0.000E+00  0.000E+00  0.000E+00  0.000E+00  0.000E+00  0.000E+00  0.000E+00  0.000E+00  0.000E+00  0.000E+00  0.000E+00  0.000E+00
  216.2225  0.000E+00  0.000E+00  0.000E+00  0.000E+00  0.000E+00  0.000E+00  0.000E+00  0.000E+00  0.000E+00  0.000E+00  0.000E+00  0.000E+00  0.000E+00  0.000E+00  0.000E+00  0.000E+00  0.000E+00  0.000E+00  0.000E+00
  218.5855  0.000E+00  0.000E+00  0.000E+00  0.000E+00  0.000E+00  0.000E+00  0.000E+00  0.000E+00  0.000E+00  0.000E+00  0.000E+00  0.000E+00  0.000E+00  0.000E+00  0.000E+00  0.000E+00  0.000E+00  0.000E+00  0.000E+00
  221.0010  0.000E+00  0.000E+00  0.000E+00  0.000E+00  0.000E+00  0.000E+00  0.000E+00  0.000E+00  0.000E+00  0.000E+00  0.000E+00  0.000E+00  0.000E+00  0.000E+00  0.000E+00  0.000E+00  0.000E+00  0.000E+00  0.000E+00
  223.4705  0.000E+00  0.000E+00  0.000E+00  0.000E+00  0.000E+00  0.000E+00  0.000E+00  0.000E+00  0.000E+00  0.000E+00  0.000E+00  0.000E+00  0.000E+00  0.000E+00  0.000E+00  0.000E+00  0.000E+00  0.000E+00  0.000E+00
  225.9960  0.000E+00  0.000E+00  0.000E+00  0.000E+00  0.000E+00  0.000E+00  0.000E+00  0.000E+00  0.000E+00  0.000E+00  0.000E+00  0.000E+00  0.000E+00  0.000E+00  0.000E+00  0.000E+00  0.000E+00  0.000E+00  0.000E+00
  228.5790  0.000E+00  0.000E+00  0.000E+00  0.000E+00  0.000E+00  0.000E+00  0.000E+00  0.000E+00  0.000E+00  0.000E+00  0.000E+00  0.000E+00  0.000E+00  0.000E+00  0.000E+00  0.000E+00  0.000E+00  0.000E+00  0.000E+00
  231.2215  0.000E+00  0.000E+00  0.000E+00  0.000E+00  0.000E+00  0.000E+00  0.000E+00  0.000E+00  0.000E+00  0.000E+00  0.000E+00  0.000E+00  0.000E+00  0.000E+00  0.000E+00  0.000E+00  0.000E+00  0.000E+00  0.000E+00
  233.9260  0.000E+00  0.000E+00  0.000E+00  0.000E+00  0.000E+00  0.000E+00  0.000E+00  0.000E+00  0.000E+00  0.000E+00  0.000E+00  0.000E+00  0.000E+00  0.000E+00  0.000E+00  0.000E+00  0.000E+00  0.000E+00  0.000E+00
  236.6945  0.000E+00  0.000E+00  0.000E+00  0.000E+00  0.000E+00  0.000E+00  0.000E+00  0.000E+00  0.000E+00  0.000E+00  0.000E+00  0.000E+00  0.000E+00  0.000E+00  0.000E+00  0.000E+00  0.000E+00  0.000E+00  0.000E+00
  239.5295  0.000E+00  0.000E+00  0.000E+00  0.000E+00  0.000E+00  0.000E+00  0.000E+00  0.000E+00  0.000E+00  0.000E+00  0.000E+00  0.000E+00  0.000E+00  0.000E+00  0.000E+00  0.000E+00  0.000E+00  0.000E+00  0.000E+00
  242.4330  0.000E+00  0.000E+00  0.000E+00  0.000E+00  0.000E+00  0.000E+00  0.000E+00  0.000E+00  0.000E+00  0.000E+00  0.000E+00  0.000E+00  0.000E+00  0.000E+00  0.000E+00  0.000E+00  0.000E+00  0.000E+00  0.000E+00
  245.4080  0.000E+00  0.000E+00  0.000E+00  0.000E+00  0.000E+00  0.000E+00  0.000E+00  0.000E+00  0.000E+00  0.000E+00  0.000E+00  0.000E+00  0.000E+00  0.000E+00  0.000E+00  0.000E+00  0.000E+00  0.000E+00  0.000E+00
  248.4570  0.000E+00  0.000E+00  0.000E+00  0.000E+00  0.000E+00  0.000E+00  0.000E+00  0.000E+00  0.000E+00  0.000E+00  0.000E+00  0.000E+00  0.000E+00  0.000E+00  0.000E+00  0.000E+00  0.000E+00  0.000E+00  0.000E+00
  251.5825  0.000E+00  0.000E+00  0.000E+00  0.000E+00  0.000E+00  0.000E+00  0.000E+00  0.000E+00  0.000E+00  0.000E+00  0.000E+00  0.000E+00  0.000E+00  0.000E+00  0.000E+00  0.000E+00  0.000E+00  0.000E+00  0.000E+00
  254.7875  0.000E+00  0.000E+00  0.000E+00  0.000E+00  0.000E+00  0.000E+00  0.000E+00  0.000E+00  0.000E+00  0.000E+00  0.000E+00  0.000E+00  0.000E+00  0.000E+00  0.000E+00  0.000E+00  0.000E+00  0.000E+00  0.000E+00
  258.0750  0.000E+00  0.000E+00  0.000E+00  0.000E+00  0.000E+00  0.000E+00  0.000E+00  0.000E+00  0.000E+00  0.000E+00  0.000E+00  0.000E+00  0.000E+00  0.000E+00  0.000E+00  0.000E+00  0.000E+00  0.000E+00  0.000E+00
  261.4490  0.000E+00  0.000E+00  0.000E+00  0.000E+00  0.000E+00  0.000E+00  0.000E+00  0.000E+00  0.000E+00  0.000E+00  0.000E+00  0.000E+00  0.000E+00  0.000E+00  0.000E+00  0.000E+00  0.000E+00  0.000E+00  0.000E+00
  264.9125  0.000E+00  0.000E+00  0.000E+00  0.000E+00  0.000E+00  0.000E+00  0.000E+00  0.000E+00  0.000E+00  0.000E+00  0.000E+00  0.000E+00  0.000E+00  0.000E+00  0.000E+00  0.000E+00  0.000E+00  0.000E+00  0.000E+00
  268.4685  0.000E+00  0.000E+00  0.000E+00  0.000E+00  0.000E+00  0.000E+00  0.000E+00  0.000E+00  0.000E+00  0.000E+00  0.000E+00  0.000E+00  0.000E+00  0.000E+00  0.000E+00  0.000E+00  0.000E+00  0.000E+00  0.000E+00
  272.1215  0.000E+00  0.000E+00  0.000E+00  0.000E+00  0.000E+00  0.000E+00  0.000E+00  0.000E+00  0.000E+00  0.000E+00  0.000E+00  0.000E+00  0.000E+00  0.000E+00  0.000E+00  0.000E+00  0.000E+00  0.000E+00  0.000E+00
  275.8755  0.000E+00  0.000E+00  0.000E+00  0.000E+00  0.000E+00  0.000E+00  0.000E+00  0.000E+00  0.000E+00  0.000E+00  0.000E+00  0.000E+00  0.000E+00  0.000E+00  0.000E+00  0.000E+00  0.000E+00  0.000E+00  0.000E+00
  279.7340  0.000E+00  0.000E+00  0.000E+00  0.000E+00  0.000E+00  0.000E+00  0.000E+00  0.000E+00  0.000E+00  0.000E+00  0.000E+00  0.000E+00  0.000E+00  0.000E+00  0.000E+00  0.000E+00  0.000E+00  0.000E+00  0.000E+00
  283.7020  0.000E+00  0.000E+00  0.000E+00  0.000E+00  0.000E+00  0.000E+00  0.000E+00  0.000E+00  0.000E+00  0.000E+00  0.000E+00  0.000E+00  0.000E+00  0.000E+00  0.000E+00  0.000E+00  0.000E+00  0.000E+00  0.000E+00
  287.7845  0.000E+00  0.000E+00  0.000E+00  0.000E+00  0.000E+00  0.000E+00  0.000E+00  0.000E+00  0.000E+00  0.000E+00  0.000E+00  0.000E+00  0.000E+00  0.000E+00  0.000E+00  0.000E+00  0.000E+00  0.000E+00  0.000E+00
  291.9865  2.668E+10  2.581E+10  2.333E+10  1.963E+10  1.527E+10  1.087E+10  6.973E+09  3.935E+09  1.916E+09  7.745E+08  2.491E+08  6.543E+07  1.860E+07  8.736E+06  5.559E+06  3.741E+06  2.494E+06  1.522E+06  6.194E+05
  296.3090  1.011E+12  9.917E+11  9.342E+11  8.434E+11  7.269E+11  5.944E+11  4.570E+11  3.255E+11  2.119E+11  1.231E+11  6.133E+10  2.519E+10  8.291E+09  2.440E+09  9.655E+08  5.559E+08  3.444E+08  1.972E+08  7.682E+07
  300.5000  7.778E+12  7.687E+12  7.415E+12  6.973E+12  6.377E+12  5.648E+12  4.820E+12  3.926E+12  3.025E+12  2.175E+12  1.419E+12  8.136E+11  3.905E+11  1.478E+11  4.408E+10  1.439E+10  7.119E+09  3.679E+09  1.318E+09
  303.0000  2.527E+13  2.505E+13  2.440E+13  2.332E+13  2.184E+13  1.997E+13  1.777E+13  1.531E+13  1.259E+13  9.867E+12  7.186E+12  4.747E+12  2.731E+12  1.286E+12  4.577E+11  1.256E+11  4.242E+10  1.935E+10  6.390E+09
  304.0000  2.883E+13  2.860E+13  2.792E+13  2.679E+13  2.523E+13  2.325E+13  2.090E+13  1.816E+13  1.525E+13  1.220E+13  9.120E+12  6.234E+12  3.750E+12  1.871E+12  7.110E+11  1.982E+11  5.937E+10  2.546E+10  8.165E+09
  305.0000  4.166E+13  4.137E+13  4.050E+13  3.906E+13  3.704E+13  3.447E+13  3.137E+13  2.784E+13  2.375E+13  1.949E+13  1.508E+13  1.076E+13  6.857E+12  3.689E+12  1.539E+12  4.553E+11  1.191E+11  4.525E+10  1.381E+10
  306.0000  4.056E+13  4.030E+13  3.953E+13  3.824E+13  3.644E+13  3.412E+13  3.130E+13  2.800E+13  2.427E+13  2.026E+13  1.601E+13  1.175E+13  7.772E+12  4.394E+12  1.954E+12  6.131E+11  1.509E+11  5.147E+10  1.508E+10
  307.0000  5.420E+13  5.389E+13  5.296E+13  5.140E+13  4.922E+13  4.639E+13  4.293E+13  3.879E+13  3.413E+13  2.900E+13  2.345E+13  1.774E+13  1.220E+13  7.277E+12  3.475E+12  1.179E+12  2.824E+11  8.344E+10  2.308E+10
  308.0000  6.572E+13  6.539E+13  6.437E+13  6.267E+13  6.028E+13  5.716E+13  5.332E+13  4.866E+13  4.337E+13  3.745E+13  3.092E+13  2.404E+13  1.715E+13  1.074E+13  5.489E+12  2.023E+12  4.937E+11  1.263E+11  3.252E+10
  309.0000  6.941E+13  6.907E+13  6.808E+13  6.640E+13  6.402E+13  6.092E+13  5.708E+13  5.235E+13  4.704E+13  4.099E+13  3.425E+13  2.704E+13  1.969E+13  1.269E+13  6.739E+12  2.610E+12  6.545E+11  1.541E+11  3.770E+10
  310.0000  7.072E+13  7.042E+13  6.953E+13  6.803E+13  6.590E+13  6.309E+13  5.959E+13  5.524E+13  5.027E+13  4.455E+13  3.802E+13  3.088E+13  2.333E+13  1.583E+13  9.036E+12  3.870E+12  1.058E+12  2.202E+11  4.748E+10
  311.0000  1.204E+14  1.200E+14  1.185E+14  1.161E+14  1.127E+14  1.082E+14  1.025E+14  9.551E+13  8.738E+13  7.797E+13  6.716E+13  5.518E+13  4.236E+13  2.936E+13  1.728E+13  7.725E+12  2.208E+12  4.430E+11  8.963E+10
  312.0000  1.096E+14  1.092E+14  1.080E+14  1.060E+14  1.032E+14  9.940E+13  9.464E+13  8.864E+13  8.177E+13  7.368E+13  6.427E+13  5.368E+13  4.213E+13  3.009E+13  1.849E+13  8.794E+12  2.712E+12  5.309E+11  9.655E+10
  313.0000  1.248E+14  1.244E+14  1.232E+14  1.211E+14  1.182E+14  1.143E+14  1.093E+14  1.030E+14  9.571E+13  8.706E+13  7.687E+13  6.523E+13  5.230E+13  3.847E+13  2.466E+13  1.249E+13  4.182E+12  8.289E+11  1.345E+11
  314.0000  1.370E+14  1.366E+14  1.353E+14  1.331E+14  1.300E+14  1.259E+14  1.207E+14  1.140E+14  1.063E+14  9.704E+13  8.612E+13  7.357E+13  5.949E+13  4.429E+13  2.888E+13  1.500E+13  5.192E+12  1.039E+12  1.608E+11
  316.0000  1.439E+14  1.435E+14  1.424E+14  1.405E+14  1.378E+14  1.341E+14  1.294E+14  1.233E+14  1.161E+14  1.075E+14  9.711E+13  8.488E+13  7.079E+13  5.499E+13  3.811E+13  2.170E+13  8.611E+12  1.912E+12  2.537E+11
  320.0000  1.884E+14  1.880E+14  1.868E+14  1.849E+14  1.821E+14  1.782E+14  1.732E+14  1.667E+14  1.589E+14  1.493E+14  1.375E+14  1.233E+14  1.064E+14  8.657E+13  6.416E+13  4.043E+13  1.878E+13  5.019E+12  6.232E+11
  325.0000  2.433E+14  2.430E+14  2.418E+14  2.399E+14  2.370E+14  2.331E+14  2.279E+14  2.211E+14  2.128E+14  2.024E+14  1.894E+14  1.733E+14  1.536E+14  1.298E+14  1.015E+14  6.942E+13  3.672E+13  1.186E+13  1.667E+12
  330.0000  3.011E+14  3.007E+14  2.996E+14  2.975E+14  2.945E+14  2.904E+14  2.849E+14  2.776E+14  2.685E+14  2.571E+14  2.425E+14  2.244E+14  2.017E+14  1.738E+14  1.397E+14  9.954E+13  5.614E+13  1.988E+13  3.154E+12
  335.0000  2.845E+14  2.842E+14  2.832E+14  2.816E+14  2.791E+14  2.757E+14  2.711E+14  2.650E+14  2.572E+14  2.474E+14  2.348E+14  2.189E+14  1.988E+14  1.736E+14  1.423E+14  1.043E+14  6.147E+13  2.310E+13  4.018E+12
  340.0000  3.057E+14  3.054E+14  3.045E+14  3.029E+14  3.005E+14  2.972E+14  2.927E+14  2.866E+14  2.789E+14  2.691E+14  2.564E+14  2.402E+14  2.196E+14  1.934E+14  1.604E+14  1.197E+14  7.232E+13  2.789E+13  4.999E+12
  345.0000  2.978E+14  2.975E+14  2.967E+14  2.953E+14  2.932E+14  2.902E+14  2.861E+14  2.806E+14  2.736E+14  2.647E+14  2.529E+14  2.378E+14  2.185E+14  1.938E+14  1.622E+14  1.226E+14  7.550E+13  2.957E+13  5.317E+12
  350.0000  3.075E+14  3.072E+14  3.065E+14  3.051E+14  3.031E+14  3.002E+14  2.963E+14  2.909E+14  2.841E+14  2.752E+14  2.636E+14  2.486E+14  2.293E+14  2.043E+14  1.722E+14  1.314E+14  8.194E+13  3.225E+13  5.652E+12
  355.0000  3.215E+14  3.213E+14  3.205E+14  3.192E+14  3.172E+14  3.145E+14  3.106E+14  3.054E+14  2.986E+14  2.898E+14  2.783E+14  2.632E+14  2.436E+14  2.183E+14  1.853E+14  1.429E+14  9.039E+13  3.596E+13  6.195E+12
  360.0000  2.909E+14  2.907E+14  2.901E+14  2.890E+14  2.873E+14  2.850E+14  2.817E+14  2.773E+14  2.715E+14  2.639E+14  2.539E+14  2.408E+14  2.237E+14  2.013E+14  1.720E+14  1.339E+14  8.584E+13  3.451E+13  5.808E+12
  365.0000  3.663E+14  3.661E+14  3.653E+14  3.641E+14  3.621E+14  3.594E+14  3.556E+14  3.503E+14  3.433E+14  3.343E+14  3.222E+14  3.063E+14  2.855E+14  2.581E+14  2.219E+14  1.742E+14  1.132E+14  4.603E+13  7.553E+12
  370.0000  3.775E+14  3.772E+14  3.766E+14  3.754E+14  3.735E+14  3.709E+14  3.672E+14  3.620E+14  3.552E+14  3.463E+14  3.344E+14  3.187E+14  2.979E+14  2.704E+14  2.338E+14  1.851E+14  1.218E+14  5.015E+13  8.011E+12
  375.0000  3.382E+14  3.380E+14  3.375E+14  3.365E+14  3.349E+14  3.327E+14  3.296E+14  3.252E+14  3.195E+14  3.119E+14  3.017E+14  2.881E+14  2.700E+14  2.460E+14  2.139E+14  1.707E+14  1.137E+14  4.746E+13  7.373E+12
  380.0000  3.860E+14  3.858E+14  3.852E+14  3.842E+14  3.825E+14  3.802E+14  3.768E+14  3.721E+14  3.659E+14  3.576E+14  3.464E+14  3.315E+14  3.116E+14  2.849E+14  2.490E+14  2.003E+14  1.349E+14  5.715E+13  8.638E+12
  385.0000  2.891E+14  2.890E+14  2.886E+14  2.879E+14  2.867E+14  2.851E+14  2.827E+14  2.794E+14  2.749E+14  2.690E+14  2.610E+14  2.502E+14  2.357E+14  2.163E+14  1.900E+14  1.539E+14  1.049E+14  4.513E+13  6.637E+12
  390.0000  3.754E+14  3.752E+14  3.747E+14  3.739E+14  3.725E+14  3.705E+14  3.676E+14  3.635E+14  3.580E+14  3.507E+14  3.406E+14  3.271E+14  3.090E+14  2.845E+14  2.510E+14  2.048E+14  1.412E+14  6.169E+13  8.834E+12
  395.0000  2.897E+14  2.896E+14  2.893E+14  2.886E+14  2.876E+14  2.862E+14  2.841E+14  2.811E+14  2.771E+14  2.717E+14  2.642E+14  2.542E+14  2.406E+14  2.222E+14  1.969E+14  1.618E+14  1.128E+14  5.008E+13  6.989E+12
  400.0000  5.355E+14  5.353E+14  5.347E+14  5.336E+14  5.319E+14  5.294E+14  5.257E+14  5.205E+14  5.134E+14  5.038E+14  4.906E+14  4.727E+14  4.484E+14  4.153E+14  3.696E+14  3.056E+14  2.153E+14  9.725E+13  1.324E+13
  405.0000  5.438E+14  5.437E+14  5.431E+14  5.421E+14  5.405E+14  5.381E+14  5.346E+14  5.295E+14  5.226E+14  5.133E+14  5.005E+14  4.829E+14  4.590E+14  4.263E+14  3.809E+14  3.169E+14  2.256E+14  1.036E+14  1.378E+13
  410.0000  5.590E+14  5.588E+14  5.583E+14  5.573E+14  5.558E+14  5.534E+14  5.500E+14  5.451E+14  5.383E+14  5.292E+14  5.164E+14  4.990E+14  4.752E+14  4.425E+14  3.969E+14  3.321E+14  2.388E+14  1.115E+14  1.452E+13
  415.0000  5.808E+14  5.807E+14  5.802E+14  5.792E+14  5.777E+14  5.754E+14  5.721E+14  5.672E+14  5.605E+14  5.514E+14  5.386E+14  5.212E+14  4.972E+14  4.641E+14  4.178E+14  3.516E+14  2.552E+14  1.213E+14  1.548E+13
  420.0000  5.849E+14  5.848E+14  5.843E+14  5.834E+14  5.820E+14  5.798E+14  5.767E+14  5.719E+14  5.655E+14  5.567E+14  5.443E+14  5.273E+14  5.039E+14  4.715E+14  4.259E+14  3.603E+14  2.640E+14  1.276E+14  1.599E+13
  425.0000  5.574E+14  5.573E+14  5.568E+14  5.561E+14  5.548E+14  5.528E+14  5.500E+14  5.457E+14  5.398E+14  5.317E+14  5.204E+14  5.047E+14  4.830E+14  4.529E+14  4.104E+14  3.490E+14  2.579E+14  1.267E+14  1.562E+13
  430.0000  5.136E+14  5.134E+14  5.131E+14  5.124E+14  5.113E+14  5.096E+14  5.071E+14  5.033E+14  4.981E+14  4.910E+14  4.809E+14  4.669E+14  4.476E+14  4.206E+14  3.823E+14  3.267E+14  2.435E+14  1.216E+14  1.480E+13
  435.0000  5.956E+14  5.955E+14  5.951E+14  5.944E+14  5.932E+14  5.913E+14  5.885E+14  5.843E+14  5.786E+14  5.706E+14  5.593E+14  5.436E+14  5.218E+14  4.913E+14  4.479E+14  3.845E+14  2.890E+14  1.466E+14  1.766E+13
  440.0000  6.124E+14  6.122E+14  6.119E+14  6.111E+14  6.100E+14  6.082E+14  6.054E+14  6.013E+14  5.956E+14  5.877E+14  5.764E+14  5.608E+14  5.390E+14  5.084E+14  4.647E+14  4.007E+14  3.033E+14  1.562E+14  1.862E+13
  445.0000  6.576E+14  6.575E+14  6.571E+14  6.564E+14  6.552E+14  6.533E+14  6.505E+14  6.463E+14  6.404E+14  6.322E+14  6.205E+14  6.042E+14  5.814E+14  5.494E+14  5.035E+14  4.359E+14  3.325E+14  1.738E+14  2.059E+13
  450.0000  6.996E+14  6.995E+14  6.991E+14  6.984E+14  6.972E+14  6.953E+14  6.925E+14  6.881E+14  6.821E+14  6.736E+14  6.616E+14  6.447E+14  6.212E+14  5.880E+14  5.402E+14  4.696E+14  3.607E+14  1.914E+14  2.263E+13
  455.0000  6.851E+14  6.850E+14  6.846E+14  6.839E+14  6.828E+14  6.811E+14  6.784E+14  6.743E+14  6.686E+14  6.606E+14  6.491E+14  6.331E+14  6.107E+14  5.789E+14  5.332E+14  4.652E+14  3.598E+14  1.936E+14  2.288E+13
  460.0000  7.053E+14  7.052E+14  7.048E+14  7.042E+14  7.030E+14  7.013E+14  6.986E+14  6.945E+14  6.887E+14  6.807E+14  6.692E+14  6.531E+14  6.304E+14  5.984E+14  5.521E+14  4.831E+14  3.755E+14  2.043E+14  2.400E+13
  465.0000  6.983E+14  6.982E+14  6.978E+14  6.972E+14  6.961E+14  6.945E+14  6.919E+14  6.880E+14  6.825E+14  6.748E+14  6.638E+14  6.482E+14  6.264E+14  5.954E+14  5.506E+14  4.835E+14  3.783E+14  2.088E+14  2.470E+13
  470.0000  6.955E+14  6.954E+14  6.951E+14  6.945E+14  6.935E+14  6.919E+14  6.894E+14  6.856E+14  6.803E+14  6.729E+14  6.622E+14  6.471E+14  6.259E+14  5.957E+14  5.520E+14  4.863E+14  3.827E+14  2.139E+14  2.550E+13
  475.0000  7.048E+14  7.047E+14  7.044E+14  7.038E+14  7.028E+14  7.012E+14  6.988E+14  6.951E+14  6.899E+14  6.825E+14  6.719E+14  6.570E+14  6.360E+14  6.061E+14  5.626E+14  4.970E+14  3.933E+14  2.224E+14  2.671E+13
  480.0000  7.257E+14  7.256E+14  7.252E+14  7.246E+14  7.236E+14  7.220E+14  7.195E+14  7.157E+14  7.103E+14  7.029E+14  6.921E+14  6.769E+14  6.555E+14  6.250E+14  5.806E+14  5.138E+14  4.075E+14  2.318E+14  2.774E+13
  485.0000  6.606E+14  6.605E+14  6.602E+14  6.597E+14  6.587E+14  6.573E+14  6.551E+14  6.517E+14  6.470E+14  6.403E+14  6.307E+14  6.172E+14  5.981E+14  5.709E+14  5.312E+14  4.712E+14  3.756E+14  2.160E+14  2.617E+13
  490.0000  6.898E+14  6.897E+14  6.895E+14  6.889E+14  6.880E+14  6.865E+14  6.843E+14  6.808E+14  6.760E+14  6.693E+14  6.595E+14  6.457E+14  6.263E+14  5.985E+14  5.579E+14  4.964E+14  3.978E+14  2.316E+14  2.862E+13
  495.0000  7.044E+14  7.044E+14  7.041E+14  7.035E+14  7.026E+14  7.011E+14  6.989E+14  6.954E+14  6.906E+14  6.838E+14  6.740E+14  6.602E+14  6.407E+14  6.128E+14  5.720E+14  5.101E+14  4.105E+14  2.413E+14  3.025E+13
  500.0000  6.729E+14  6.729E+14  6.726E+14  6.721E+14  6.712E+14  6.697E+14  6.676E+14  6.643E+14  6.597E+14  6.532E+14  6.439E+14  6.307E+14  6.122E+14  5.857E+14  5.470E+14  4.882E+14  3.934E+14  2.321E+14  2.919E+13
  505.0000  6.847E+14  6.846E+14  6.843E+14  6.837E+14  6.827E+14  6.812E+14  6.790E+14  6.756E+14  6.708E+14  6.642E+14  6.546E+14  6.412E+14  6.224E+14  5.954E+14  5.560E+14  4.963E+14  4.000E+14  2.360E+14  2.961E+13
  510.0000  6.814E+14  6.813E+14  6.809E+14  6.804E+14  6.794E+14  6.780E+14  6.758E+14  6.725E+14  6.679E+14  6.614E+14  6.521E+14  6.391E+14  6.207E+14  5.945E+14  5.560E+14  4.976E+14  4.029E+14  2.405E+14  3.099E+13
  515.0000  6.337E+14  6.337E+14  6.334E+14  6.328E+14  6.320E+14  6.306E+14  6.286E+14  6.256E+14  6.213E+14  6.154E+14  6.069E+14  5.950E+14  5.782E+14  5.541E+14  5.189E+14  4.652E+14  3.781E+14  2.276E+14  2.996E+13
  520.0000  6.534E+14  6.533E+14  6.530E+14  6.525E+14  6.515E+14  6.502E+14  6.481E+14  6.449E+14  6.406E+14  6.345E+14  6.258E+14  6.136E+14  5.964E+14  5.719E+14  5.359E+14  4.810E+14  3.917E+14  2.371E+14  3.171E+13
  525.0000  6.570E+14  6.569E+14  6.566E+14  6.560E+14  6.551E+14  6.536E+14  6.514E+14  6.482E+14  6.438E+14  6.376E+14  6.288E+14  6.165E+14  5.992E+14  5.744E+14  5.382E+14  4.830E+14  3.934E+14  2.381E+14  3.202E+13
  530.0000  6.933E+14  6.931E+14  6.928E+14  6.921E+14  6.910E+14  6.894E+14  6.870E+14  6.835E+14  6.787E+14  6.721E+14  6.626E+14  6.495E+14  6.310E+14  6.046E+14  5.662E+14  5.076E+14  4.126E+14  2.489E+14  3.341E+13
  535.0000  6.739E+14  6.738E+14  6.735E+14  6.728E+14  6.717E+14  6.701E+14  6.678E+14  6.643E+14  6.596E+14  6.532E+14  6.440E+14  6.313E+14  6.134E+14  5.879E+14  5.507E+14  4.940E+14  4.021E+14  2.434E+14  3.318E+13
  540.0000  6.772E+14  6.771E+14  6.767E+14  6.760E+14  6.750E+14  6.733E+14  6.710E+14  6.676E+14  6.629E+14  6.565E+14  6.474E+14  6.347E+14  6.169E+14  5.916E+14  5.547E+14  4.983E+14  4.068E+14  2.479E+14  3.465E+13
  545.0000  6.893E+14  6.892E+14  6.888E+14  6.881E+14  6.870E+14  6.853E+14  6.829E+14  6.793E+14  6.745E+14  6.679E+14  6.587E+14  6.457E+14  6.277E+14  6.020E+14  5.644E+14  5.072E+14  4.143E+14  2.530E+14  3.586E+13
  550.0000  6.939E+14  6.937E+14  6.933E+14  6.926E+14  6.914E+14  6.898E+14  6.873E+14  6.837E+14  6.788E+14  6.722E+14  6.629E+14  6.499E+14  6.318E+14  6.060E+14  5.684E+14  5.112E+14  4.180E+14  2.561E+14  3.696E+13
  555.0000  6.903E+14  6.902E+14  6.897E+14  6.890E+14  6.878E+14  6.861E+14  6.836E+14  6.800E+14  6.752E+14  6.686E+14  6.594E+14  6.466E+14  6.286E+14  6.032E+14  5.661E+14  5.095E+14  4.174E+14  2.570E+14  3.809E+13
  560.0000  6.747E+14  6.746E+14  6.742E+14  6.734E+14  6.722E+14  6.704E+14  6.679E+14  6.643E+14  6.595E+14  6.529E+14  6.437E+14  6.310E+14  6.133E+14  5.883E+14  5.518E+14  4.961E+14  4.058E+14  2.491E+14  3.712E+13
  565.0000  6.776E+14  6.774E+14  6.770E+14  6.761E+14  6.749E+14  6.730E+14  6.704E+14  6.667E+14  6.617E+14  6.549E+14  6.455E+14  6.326E+14  6.146E+14  5.892E+14  5.522E+14  4.960E+14  4.049E+14  2.475E+14  3.701E+13
  570.0000  6.761E+14  6.759E+14  6.754E+14  6.745E+14  6.732E+14  6.713E+14  6.687E+14  6.649E+14  6.598E+14  6.530E+14  6.435E+14  6.305E+14  6.125E+14  5.871E+14  5.501E+14  4.939E+14  4.030E+14  2.463E+14  3.725E+13
  575.0000  6.904E+14  6.903E+14  6.898E+14  6.889E+14  6.875E+14  6.856E+14  6.828E+14  6.789E+14  6.737E+14  6.667E+14  6.571E+14  6.438E+14  6.255E+14  5.996E+14  5.620E+14  5.049E+14  4.124E+14  2.528E+14  3.901E+13
  580.0000  6.831E+14  6.829E+14  6.824E+14  6.816E+14  6.803E+14  6.784E+14  6.757E+14  6.719E+14  6.669E+14  6.601E+14  6.508E+14  6.380E+14  6.202E+14  5.951E+14  5.586E+14  5.031E+14  4.129E+14  2.559E+14  4.100E+13
  585.0000  6.875E+14  6.874E+14  6.869E+14  6.860E+14  6.847E+14  6.828E+14  6.802E+14  6.765E+14  6.716E+14  6.649E+14  6.557E+14  6.431E+14  6.256E+14  6.009E+14  5.649E+14  5.101E+14  4.206E+14  2.637E+14  4.389E+13
  590.0000  6.668E+14  6.666E+14  6.661E+14  6.653E+14  6.641E+14  6.622E+14  6.597E+14  6.561E+14  6.514E+14  6.450E+14  6.361E+14  6.240E+14  6.072E+14  5.835E+14  5.490E+14  4.964E+14  4.104E+14  2.589E+14  4.428E+13
  595.0000  6.826E+14  6.825E+14  6.820E+14  6.811E+14  6.797E+14  6.778E+14  6.752E+14  6.714E+14  6.664E+14  6.598E+14  6.507E+14  6.381E+14  6.208E+14  5.964E+14  5.609E+14  5.069E+14  4.186E+14  2.637E+14  4.553E+13
  600.0000  6.684E+14  6.683E+14  6.677E+14  6.668E+14  6.654E+14  6.635E+14  6.608E+14  6.569E+14  6.520E+14  6.454E+14  6.362E+14  6.238E+14  6.066E+14  5.824E+14  5.473E+14  4.939E+14  4.071E+14  2.554E+14  4.426E+13
  605.0000  6.796E+14  6.794E+14  6.789E+14  6.780E+14  6.765E+14  6.745E+14  6.718E+14  6.679E+14  6.629E+14  6.562E+14  6.469E+14  6.343E+14  6.170E+14  5.926E+14  5.573E+14  5.034E+14  4.157E+14  2.621E+14  4.652E+13
  610.0000  6.755E+14  6.754E+14  6.749E+14  6.740E+14  6.726E+14  6.707E+14  6.681E+14  6.643E+14  6.595E+14  6.530E+14  6.442E+14  6.321E+14  6.154E+14  5.919E+14  5.577E+14  5.056E+14  4.202E+14  2.690E+14  4.996E+13
  615.0000  6.641E+14  6.640E+14  6.635E+14  6.626E+14  6.614E+14  6.596E+14  6.571E+14  6.536E+14  6.490E+14  6.429E+14  6.345E+14  6.231E+14  6.073E+14  5.849E+14  5.524E+14  5.027E+14  4.208E+14  2.738E+14  5.334E+13
  620.0000  6.782E+14  6.781E+14  6.776E+14  6.768E+14  6.755E+14  6.737E+14  6.713E+14  6.678E+14  6.633E+14  6.573E+14  6.490E+14  6.377E+14  6.220E+14  5.999E+14  5.677E+14  5.182E+14  4.363E+14  2.878E+14  5.847E+13
  625.0000  6.679E+14  6.677E+14  6.673E+14  6.665E+14  6.653E+14  6.636E+14  6.612E+14  6.579E+14  6.536E+14  6.478E+14  6.399E+14  6.290E+14  6.140E+14  5.928E+14  5.618E+14  5.142E+14  4.351E+14  2.903E+14  6.118E+13
  630.0000  6.731E+14  6.730E+14  6.725E+14  6.718E+14  6.706E+14  6.689E+14  6.666E+14  6.634E+14  6.592E+14  6.535E+14  6.457E+14  6.351E+14  6.204E+14  5.996E+14  5.692E+14  5.224E+14  4.443E+14  3.001E+14  6.565E+13
  635.0000  6.729E+14  6.727E+14  6.723E+14  6.715E+14  6.704E+14  6.688E+14  6.665E+14  6.634E+14  6.593E+14  6.539E+14  6.463E+14  6.360E+14  6.218E+14  6.016E+14  5.721E+14  5.266E+14  4.503E+14  3.080E+14  7.002E+13
  640.0000  6.695E+14  6.694E+14  6.690E+14  6.682E+14  6.671E+14  6.656E+14  6.635E+14  6.604E+14  6.565E+14  6.513E+14  6.440E+14  6.341E+14  6.204E+14  6.009E+14  5.725E+14  5.284E+14  4.544E+14  3.147E+14  7.435E+13
  644.8000  6.698E+14  6.697E+14  6.693E+14  6.686E+14  6.675E+14  6.660E+14  6.639E+14  6.610E+14  6.572E+14  6.521E+14  6.451E+14  6.355E+14  6.221E+14  6.032E+14  5.755E+14  5.326E+14  4.601E+14  3.223E+14  7.880E+13
  651.0500  6.666E+14  6.665E+14  6.661E+14  6.654E+14  6.644E+14  6.629E+14  6.609E+14  6.581E+14  6.544E+14  6.495E+14  6.428E+14  6.335E+14  6.207E+14  6.024E+14  5.757E+14  5.342E+14  4.640E+14  3.290E+14  8.366E+13
  660.0000  6.397E+14  6.396E+14  6.392E+14  6.386E+14  6.376E+14  6.363E+14  6.345E+14  6.319E+14  6.285E+14  6.240E+14  6.178E+14  6.094E+14  5.976E+14  5.810E+14  5.565E+14  5.184E+14  4.535E+14  3.272E+14  8.790E+13
  670.0000  6.649E+14  6.648E+14  6.645E+14  6.638E+14  6.629E+14  6.616E+14  6.597E+14  6.572E+14  6.539E+14  6.495E+14  6.434E+14  6.351E+14  6.235E+14  6.071E+14  5.830E+14  5.454E+14  4.809E+14  3.536E+14  1.008E+14
  680.0000  6.610E+14  6.609E+14  6.605E+14  6.599E+14  6.590E+14  6.577E+14  6.560E+14  6.536E+14  6.504E+14  6.462E+14  6.405E+14  6.326E+14  6.217E+14  6.062E+14  5.833E+14  5.477E+14  4.863E+14  3.634E+14  1.092E+14
  690.0000  6.593E+14  6.592E+14  6.589E+14  6.583E+14  6.574E+14  6.562E+14  6.545E+14  6.522E+14  6.491E+14  6.451E+14  6.396E+14  6.321E+14  6.216E+14  6.068E+14  5.850E+14  5.509E+14  4.920E+14  3.727E+14  1.174E+14
  700.0000  6.558E+14  6.557E+14  6.553E+14  6.547E+14  6.539E+14  6.527E+14  6.511E+14  6.488E+14  6.459E+14  6.421E+14  6.368E+14  6.296E+14  6.197E+14  6.056E+14  5.849E+14  5.524E+14  4.962E+14  3.811E+14  1.256E+14
  710.0000  6.478E+14  6.477E+14  6.474E+14  6.468E+14  6.460E+14  6.448E+14  6.432E+14  6.411E+14  6.382E+14  6.345E+14  6.295E+14  6.226E+14  6.131E+14  5.996E+14  5.798E+14  5.489E+14  4.951E+14  3.841E+14  1.314E+14
  720.0000  6.337E+14  6.336E+14  6.333E+14  6.327E+14  6.319E+14  6.308E+14  6.292E+14  6.271E+14  6.244E+14  6.208E+14  6.160E+14  6.094E+14  6.004E+14  5.876E+14  5.689E+14  5.395E+14  4.884E+14  3.823E+14  1.353E+14
  730.0000  6.262E+14  6.260E+14  6.257E+14  6.252E+14  6.244E+14  6.233E+14  6.218E+14  6.197E+14  6.171E+14  6.136E+14  6.090E+14  6.027E+14  5.940E+14  5.818E+14  5.639E+14  5.359E+14  4.871E+14  3.849E+14  1.410E+14
------------------------------------------------------------
Photolysis rate coefficients, s-1
   1 = O3 -> O2 + O(1D)                                  
   2 = NO2 -> NO + O(3P)                                 
   3 = HNO2 -> OH + NO                                   
   4 = HNO3 -> OH + NO2                                  
   5 = Cl2 -> Cl + Cl                                    
   6 = ClOO -> Products                                  
   7 = OClO -> Products                                  
   8 = ClOOCl -> Cl + ClOO                               
   9 = ClNO2 -> Cl + NO2                                 
  10 = Br2 -> Br + Br                                    
  11 = BrO -> Br + O                                     
  12 = HOBr -> OH + Br                                   
  13 = BrNO -> Br + NO                                   
  14 = BrONO -> Br + NO2                                 
  15 = BrONO -> BrO + NO                                 
  16 = BrNO2 -> Br + NO2                                 
  17 = BrONO2 -> BrO + NO2                               
  18 = BrONO2 -> Br + NO3                                
  19 = BrCl -> Br + Cl                                   
values at z =      6.000 km
Columns: sza, photo-reactions
 sza, deg.          1          2          3          4          5          6          7          8          9         10         11         12         13         14         15         16         17         18         19
    0.0000  6.950E-05  1.429E-02  2.496E-03  1.126E-06  4.000E-03  0.000E+00  1.313E-01  3.055E-03  8.782E-04  4.306E-02  6.680E-02  3.496E-03  3.148E-02  2.103E-02  2.103E-02  7.183E-03  3.379E-04  1.915E-03  1.550E-02
    5.0000  6.902E-05  1.428E-02  2.494E-03  1.121E-06  3.995E-03  0.000E+00  1.312E-01  3.050E-03  8.768E-04  4.305E-02  6.671E-02  3.493E-03  3.147E-02  2.100E-02  2.100E-02  7.178E-03  3.376E-04  1.913E-03  1.550E-02
   10.0000  6.758E-05  1.425E-02  2.488E-03  1.106E-06  3.981E-03  0.000E+00  1.309E-01  3.035E-03  8.723E-04  4.302E-02  6.645E-02  3.484E-03  3.144E-02  2.090E-02  2.090E-02  7.164E-03  3.365E-04  1.907E-03  1.548E-02
   15.0000  6.520E-05  1.419E-02  2.477E-03  1.081E-06  3.958E-03  0.000E+00  1.304E-01  3.009E-03  8.646E-04  4.296E-02  6.598E-02  3.468E-03  3.138E-02  2.073E-02  2.073E-02  7.140E-03  3.347E-04  1.897E-03  1.544E-02
   20.0000  6.193E-05  1.411E-02  2.461E-03  1.045E-06  3.922E-03  0.000E+00  1.296E-01  2.971E-03  8.535E-04  4.287E-02  6.530E-02  3.445E-03  3.128E-02  2.048E-02  2.048E-02  7.103E-03  3.320E-04  1.881E-03  1.538E-02
   25.0000  5.782E-05  1.399E-02  2.438E-03  9.997E-07  3.874E-03  0.000E+00  1.284E-01  2.920E-03  8.385E-04  4.273E-02  6.437E-02  3.412E-03  3.114E-02  2.014E-02  2.014E-02  7.051E-03  3.283E-04  1.860E-03  1.530E-02
   30.0000  5.294E-05  1.383E-02  2.407E-03  9.441E-07  3.809E-03  0.000E+00  1.269E-01  2.854E-03  8.191E-04  4.253E-02  6.314E-02  3.368E-03  3.095E-02  1.971E-02  1.971E-02  6.980E-03  3.234E-04  1.833E-03  1.519E-02
   35.0000  4.736E-05  1.361E-02  2.364E-03  8.776E-07  3.724E-03  0.000E+00  1.248E-01  2.769E-03  7.941E-04  4.223E-02  6.151E-02  3.310E-03  3.068E-02  1.913E-02  1.913E-02  6.881E-03  3.169E-04  1.796E-03  1.502E-02
   40.0000  4.128E-05  1.333E-02  2.310E-03  8.027E-07  3.617E-03  0.000E+00  1.221E-01  2.666E-03  7.638E-04  4.181E-02  5.950E-02  3.236E-03  3.032E-02  1.844E-02  1.844E-02  6.754E-03  3.089E-04  1.750E-03  1.481E-02
   45.0000  3.491E-05  1.297E-02  2.240E-03  7.196E-07  3.483E-03  0.000E+00  1.187E-01  2.541E-03  7.269E-04  4.124E-02  5.700E-02  3.142E-03  2.984E-02  1.758E-02  1.758E-02  6.589E-03  2.988E-04  1.693E-03  1.452E-02
   50.0000  2.833E-05  1.249E-02  2.149E-03  6.275E-07  3.312E-03  0.000E+00  1.141E-01  2.387E-03  6.814E-04  4.044E-02  5.382E-02  3.020E-03  2.920E-02  1.651E-02  1.651E-02  6.370E-03  2.859E-04  1.620E-03  1.412E-02
   55.0000  2.185E-05  1.186E-02  2.031E-03  5.288E-07  3.098E-03  0.000E+00  1.083E-01  2.201E-03  6.264E-04  3.934E-02  4.988E-02  2.865E-03  2.833E-02  1.521E-02  1.521E-02  6.084E-03  2.696E-04  1.528E-03  1.360E-02
   60.0000  1.576E-05  1.105E-02  1.878E-03  4.256E-07  2.830E-03  0.000E+00  1.007E-01  1.977E-03  5.602E-04  3.781E-02  4.501E-02  2.667E-03  2.717E-02  1.362E-02  1.362E-02  5.710E-03  2.493E-04  1.413E-03  1.289E-02
   65.0000  1.039E-05  9.989E-03  1.682E-03  3.213E-07  2.496E-03  0.000E+00  9.089E-02  1.709E-03  4.812E-04  3.568E-02  3.903E-02  2.414E-03  2.560E-02  1.171E-02  1.171E-02  5.220E-03  2.237E-04  1.268E-03  1.194E-02
   70.0000  6.048E-06  8.607E-03  1.428E-03  2.204E-07  2.081E-03  0.000E+00  7.818E-02  1.391E-03  3.880E-04  3.266E-02  3.176E-02  2.089E-03  2.343E-02  9.424E-03  9.424E-03  4.570E-03  1.915E-04  1.085E-03  1.064E-02
   75.0000  2.968E-06  6.802E-03  1.104E-03  1.300E-07  1.575E-03  0.000E+00  6.173E-02  1.022E-03  2.808E-04  2.826E-02  2.314E-02  1.671E-03  2.035E-02  6.779E-03  6.779E-03  3.704E-03  1.510E-04  8.559E-04  8.849E-03
   80.0000  1.153E-06  4.492E-03  7.044E-04  5.925E-08  9.832E-04  0.000E+00  4.087E-02  6.139E-04  1.650E-04  2.161E-02  1.361E-02  1.140E-03  1.582E-02  3.925E-03  3.925E-03  2.554E-03  1.010E-04  5.722E-04  6.356E-03
   85.0000  3.269E-07  1.887E-03  2.838E-04  1.745E-08  3.958E-04  0.000E+00  1.742E-02  2.364E-04  6.184E-05  1.155E-02  5.081E-03  5.214E-04  9.041E-03  1.445E-03  1.445E-03  1.150E-03  4.476E-05  2.536E-04  3.071E-03
   90.0000  5.755E-08  2.873E-04  4.628E-05  2.668E-09  6.239E-05  0.000E+00  2.604E-03  3.792E-05  1.009E-05  1.466E-03  8.529E-04  7.362E-05  1.465E-03  2.435E-04  2.435E-04  1.601E-04  6.373E-06  3.611E-05  4.119E-04
------------------------------------------------------------
