Spectral actinic flux, quanta cm-2 s-1 nm-1
values at z =      4.000 km
Columns: wavelength (nm), solar zenith angles (deg.)
    wc, nm      0.000      5.000     10.000     15.000     20.000     25.000     30.000     35.000     40.000     45.000     50.000     55.000     60.000     65.000     70.000     75.000     80.000     85.000     90.000
  120.7000  0.000E+00  0.000E+00  0.000E+00  0.000E+00  0.000E+00  0.000E+00  0.000E+00  0.000E+00  0.000E+00  0.000E+00  0.000E+00  0.000E+00  0.000E+00  0.000E+00  0.000E+00  0.000E+00  0.000E+00  0.000E+00  0.000E+00
  121.6500  0.000E+00  0.000E+00  0.000E+00  0.000E+00  0.000E+00  0.000E+00  0.000E+00  0.000E+00  0.000E+00  0.000E+00  0.000E+00  0.000E+00  0.000E+00  0.000E+00  0.000E+00  0.000E+00  0.000E+00  0.000E+00  0.000E+00
  122.1000  0.000E+00  0.000E+00  0.000E+00  0.000E+00  0.000E+00  0.000E+00  0.000E+00  0.000E+00  0.000E+00  0.000E+00  0.000E+00  0.000E+00  0.000E+00  0.000E+00  0.000E+00  0.000E+00  0.000E+00  0.000E+00  0.000E+00
  122.7000  0.000E+00  0.000E+00  0.000E+00  0.000E+00  0.000E+00  0.000E+00  0.000E+00  0.000E+00  0.000E+00  0.000E+00  0.000E+00  0.000E+00  0.000E+00  0.000E+00  0.000E+00  0.000E+00  0.000E+00  0.000E+00  0.000E+00
  123.4500  0.000E+00  0.000E+00  0.000E+00  0.000E+00  0.000E+00  0.000E+00  0.000E+00  0.000E+00  0.000E+00  0.000E+00  0.000E+00  0.000E+00  0.000E+00  0.000E+00  0.000E+00  0.000E+00  0.000E+00  0.000E+00  0.000E+00
  124.2000  0.000E+00  0.000E+00  0.000E+00  0.000E+00  0.000E+00  0.000E+00  0.000E+00  0.000E+00  0.000E+00  0.000E+00  0.000E+00  0.000E+00  0.000E+00  0.000E+00  0.000E+00  0.000E+00  0.000E+00  0.000E+00  0.000E+00
  125.0000  0.000E+00  0.000E+00  0.000E+00  0.000E+00  0.000E+00  0.000E+00  0.000E+00  0.000E+00  0.000E+00  0.000E+00  0.000E+00  0.000E+00  0.000E+00  0.000E+00  0.000E+00  0.000E+00  0.000E+00  0.000E+00  0.000E+00
  125.8000  0.000E+00  0.000E+00  0.000E+00  0.000E+00  0.000E+00  0.000E+00  0.000E+00  0.000E+00  0.000E+00  0.000E+00  0.000E+00  0.000E+00  0.000E+00  0.000E+00  0.000E+00  0.000E+00  0.000E+00  0.000E+00  0.000E+00
  126.6000  0.000E+00  0.000E+00  0.000E+00  0.000E+00  0.000E+00  0.000E+00  0.000E+00  0.000E+00  0.000E+00  0.000E+00  0.000E+00  0.000E+00  0.000E+00  0.000E+00  0.000E+00  0.000E+00  0.000E+00  0.000E+00  0.000E+00
  127.8000  0.000E+00  0.000E+00  0.000E+00  0.000E+00  0.000E+00  0.000E+00  0.000E+00  0.000E+00  0.000E+00  0.000E+00  0.000E+00  0.000E+00  0.000E+00  0.000E+00  0.000E+00  0.000E+00  0.000E+00  0.000E+00  0.000E+00
  129.0000  0.000E+00  0.000E+00  0.000E+00  0.000E+00  0.000E+00  0.000E+00  0.000E+00  0.000E+00  0.000E+00  0.000E+00  0.000E+00  0.000E+00  0.000E+00  0.000E+00  0.000E+00  0.000E+00  0.000E+00  0.000E+00  0.000E+00
  129.8500  0.000E+00  0.000E+00  0.000E+00  0.000E+00  0.000E+00  0.000E+00  0.000E+00  0.000E+00  0.000E+00  0.000E+00  0.000E+00  0.000E+00  0.000E+00  0.000E+00  0.000E+00  0.000E+00  0.000E+00  0.000E+00  0.000E+00
  131.1500  0.000E+00  0.000E+00  0.000E+00  0.000E+00  0.000E+00  0.000E+00  0.000E+00  0.000E+00  0.000E+00  0.000E+00  0.000E+00  0.000E+00  0.000E+00  0.000E+00  0.000E+00  0.000E+00  0.000E+00  0.000E+00  0.000E+00
  133.5000  0.000E+00  0.000E+00  0.000E+00  0.000E+00  0.000E+00  0.000E+00  0.000E+00  0.000E+00  0.000E+00  0.000E+00  0.000E+00  0.000E+00  0.000E+00  0.000E+00  0.000E+00  0.000E+00  0.000E+00  0.000E+00  0.000E+00
  136.0000  0.000E+00  0.000E+00  0.000E+00  0.000E+00  0.000E+00  0.000E+00  0.000E+00  0.000E+00  0.000E+00  0.000E+00  0.000E+00  0.000E+00  0.000E+00  0.000E+00  0.000E+00  0.000E+00  0.000E+00  0.000E+00  0.000E+00
  141.0000  0.000E+00  0.000E+00  0.000E+00  0.000E+00  0.000E+00  0.000E+00  0.000E+00  0.000E+00  0.000E+00  0.000E+00  0.000E+00  0.000E+00  0.000E+00  0.000E+00  0.000E+00  0.000E+00  0.000E+00  0.000E+00  0.000E+00
  150.0000  0.000E+00  0.000E+00  0.000E+00  0.000E+00  0.000E+00  0.000E+00  0.000E+00  0.000E+00  0.000E+00  0.000E+00  0.000E+00  0.000E+00  0.000E+00  0.000E+00  0.000E+00  0.000E+00  0.000E+00  0.000E+00  0.000E+00
  160.0000  0.000E+00  0.000E+00  0.000E+00  0.000E+00  0.000E+00  0.000E+00  0.000E+00  0.000E+00  0.000E+00  0.000E+00  0.000E+00  0.000E+00  0.000E+00  0.000E+00  0.000E+00  0.000E+00  0.000E+00  0.000E+00  0.000E+00
  167.5000  0.000E+00  0.000E+00  0.000E+00  0.000E+00  0.000E+00  0.000E+00  0.000E+00  0.000E+00  0.000E+00  0.000E+00  0.000E+00  0.000E+00  0.000E+00  0.000E+00  0.000E+00  0.000E+00  0.000E+00  0.000E+00  0.000E+00
  172.2000  0.000E+00  0.000E+00  0.000E+00  0.000E+00  0.000E+00  0.000E+00  0.000E+00  0.000E+00  0.000E+00  0.000E+00  0.000E+00  0.000E+00  0.000E+00  0.000E+00  0.000E+00  0.000E+00  0.000E+00  0.000E+00  0.000E+00
  175.7000  0.000E+00  0.000E+00  0.000E+00  0.000E+00  0.000E+00  0.000E+00  0.000E+00  0.000E+00  0.000E+00  0.000E+00  0.000E+00  0.000E+00  0.000E+00  0.000E+00  0.000E+00  0.000E+00  0.000E+00  0.000E+00  0.000E+00
  177.8000  0.000E+00  0.000E+00  0.000E+00  0.000E+00  0.000E+00  0.000E+00  0.000E+00  0.000E+00  0.000E+00  0.000E+00  0.000E+00  0.000E+00  0.000E+00  0.000E+00  0.000E+00  0.000E+00  0.000E+00  0.000E+00  0.000E+00
  179.4000  0.000E+00  0.000E+00  0.000E+00  0.000E+00  0.000E+00  0.000E+00  0.000E+00  0.000E+00  0.000E+00  0.000E+00  0.000E+00  0.000E+00  0.000E+00  0.000E+00  0.000E+00  0.000E+00  0.000E+00  0.000E+00  0.000E+00
  181.0000  0.000E+00  0.000E+00  0.000E+00  0.000E+00  0.000E+00  0.000E+00  0.000E+00  0.000E+00  0.000E+00  0.000E+00  0.000E+00  0.000E+00  0.000E+00  0.000E+00  0.000E+00  0.000E+00  0.000E+00  0.000E+00  0.000E+00
  182.6500  0.000E+00  0.000E+00  0.000E+00  0.000E+00  0.000E+00  0.000E+00  0.000E+00  0.000E+00  0.000E+00  0.000E+00  0.000E+00  0.000E+00  0.000E+00  0.000E+00  0.000E+00  0.000E+00  0.000E+00  0.000E+00  0.000E+00
  184.3500  0.000E+00  0.000E+00  0.000E+00  0.000E+00  0.000E+00  0.000E+00  0.000E+00  0.000E+00  0.000E+00  0.000E+00  0.000E+00  0.000E+00  0.000E+00  0.000E+00  0.000E+00  0.000E+00  0.000E+00  0.000E+00  0.000E+00
  186.0500  0.000E+00  0.000E+00  0.000E+00  0.000E+00  0.000E+00  0.000E+00  0.000E+00  0.000E+00  0.000E+00  0.000E+00  0.000E+00  0.000E+00  0.000E+00  0.000E+00  0.000E+00  0.000E+00  0.000E+00  0.000E+00  0.000E+00
  187.8000  0.000E+00  0.000E+00  0.000E+00  0.000E+00  0.000E+00  0.000E+00  0.000E+00  0.000E+00  0.000E+00  0.000E+00  0.000E+00  0.000E+00  0.000E+00  0.000E+00  0.000E+00  0.000E+00  0.000E+00  0.000E+00  0.000E+00
  189.6000  0.000E+00  0.000E+00  0.000E+00  0.000E+00  0.000E+00  0.000E+00  0.000E+00  0.000E+00  0.000E+00  0.000E+00  0.000E+00  0.000E+00  0.000E+00  0.000E+00  0.000E+00  0.000E+00  0.000E+00  0.000E+00  0.000E+00
  191.4000  0.000E+00  0.000E+00  0.000E+00  0.000E+00  0.000E+00  0.000E+00  0.000E+00  0.000E+00  0.000E+00  0.000E+00  0.000E+00  0.000E+00  0.000E+00  0.000E+00  0.000E+00  0.000E+00  0.000E+00  0.000E+00  0.000E+00
  193.2500  0.000E+00  0.000E+00  0.000E+00  0.000E+00  0.000E+00  0.000E+00  0.000E+00  0.000E+00  0.000E+00  0.000E+00  0.000E+00  0.000E+00  0.000E+00  0.000E+00  0.000E+00  0.000E+00  0.000E+00  0.000E+00  0.000E+00
  195.1500  0.000E+00  0.000E+00  0.000E+00  0.000E+00  0.000E+00  0.000E+00  0.000E+00  0.000E+00  0.000E+00  0.000E+00  0.000E+00  0.000E+00  0.000E+00  0.000E+00  0.000E+00  0.000E+00  0.000E+00  0.000E+00  0.000E+00
  197.0500  0.000E+00  0.000E+00  0.000E+00  0.000E+00  0.000E+00  0.000E+00  0.000E+00  0.000E+00  0.000E+00  0.000E+00  0.000E+00  0.000E+00  0.000E+00  0.000E+00  0.000E+00  0.000E+00  0.000E+00  0.000E+00  0.000E+00
  199.0000  0.000E+00  0.000E+00  0.000E+00  0.000E+00  0.000E+00  0.000E+00  0.000E+00  0.000E+00  0.000E+00  0.000E+00  0.000E+00  0.000E+00  0.000E+00  0.000E+00  0.000E+00  0.000E+00  0.000E+00  0.000E+00  0.000E+00
  201.0000  0.000E+00  0.000E+00  0.000E+00  0.000E+00  0.000E+00  0.000E+00  0.000E+00  0.000E+00  0.000E+00  0.000E+00  0.000E+00  0.000E+00  0.000E+00  0.000E+00  0.000E+00  0.000E+00  0.000E+00  0.000E+00  0.000E+00
  203.0500  0.000E+00  0.000E+00  0.000E+00  0.000E+00  0.000E+00  0.000E+00  0.000E+00  0.000E+00  0.000E+00  0.000E+00  0.000E+00  0.000E+00  0.000E+00  0.000E+00  0.000E+00  0.000E+00  0.000E+00  0.000E+00  0.000E+00
  204.9500  0.000E+00  0.000E+00  0.000E+00  0.000E+00  0.000E+00  0.000E+00  0.000E+00  0.000E+00  0.000E+00  0.000E+00  0.000E+00  0.000E+00  0.000E+00  0.000E+00  0.000E+00  0.000E+00  0.000E+00  0.000E+00  0.000E+00
  207.0665  0.000E+00  0.000E+00  0.000E+00  0.000E+00  0.000E+00  0.000E+00  0.000E+00  0.000E+00  0.000E+00  0.000E+00  0.000E+00  0.000E+00  0.000E+00  0.000E+00  0.000E+00  0.000E+00  0.000E+00  0.000E+00  0.000E+00
  209.4295  0.000E+00  0.000E+00  0.000E+00  0.000E+00  0.000E+00  0.000E+00  0.000E+00  0.000E+00  0.000E+00  0.000E+00  0.000E+00  0.000E+00  0.000E+00  0.000E+00  0.000E+00  0.000E+00  0.000E+00  0.000E+00  0.000E+00
  211.6460  0.000E+00  0.000E+00  0.000E+00  0.000E+00  0.000E+00  0.000E+00  0.000E+00  0.000E+00  0.000E+00  0.000E+00  0.000E+00  0.000E+00  0.000E+00  0.000E+00  0.000E+00  0.000E+00  0.000E+00  0.000E+00  0.000E+00
  213.9100  0.000E+00  0.000E+00  0.000E+00  0.000E+00  0.000E+00  0.000E+00  0.000E+00  0.000E+00  0.000E+00  0.000E+00  0.000E+00  0.000E+00  0.000E+00  0.000E+00  0.000E+00  0.000E+00  0.000E+00  0.000E+00  0.000E+00
  216.2225  0.000E+00  0.000E+00  0.000E+00  0.000E+00  0.000E+00  0.000E+00  0.000E+00  0.000E+00  0.000E+00  0.000E+00  0.000E+00  0.000E+00  0.000E+00  0.000E+00  0.000E+00  0.000E+00  0.000E+00  0.000E+00  0.000E+00
  218.5855  0.000E+00  0.000E+00  0.000E+00  0.000E+00  0.000E+00  0.000E+00  0.000E+00  0.000E+00  0.000E+00  0.000E+00  0.000E+00  0.000E+00  0.000E+00  0.000E+00  0.000E+00  0.000E+00  0.000E+00  0.000E+00  0.000E+00
  221.0010  0.000E+00  0.000E+00  0.000E+00  0.000E+00  0.000E+00  0.000E+00  0.000E+00  0.000E+00  0.000E+00  0.000E+00  0.000E+00  0.000E+00  0.000E+00  0.000E+00  0.000E+00  0.000E+00  0.000E+00  0.000E+00  0.000E+00
  223.4705  0.000E+00  0.000E+00  0.000E+00  0.000E+00  0.000E+00  0.000E+00  0.000E+00  0.000E+00  0.000E+00  0.000E+00  0.000E+00  0.000E+00  0.000E+00  0.000E+00  0.000E+00  0.000E+00  0.000E+00  0.000E+00  0.000E+00
  225.9960  0.000E+00  0.000E+00  0.000E+00  0.000E+00  0.000E+00  0.000E+00  0.000E+00  0.000E+00  0.000E+00  0.000E+00  0.000E+00  0.000E+00  0.000E+00  0.000E+00  0.000E+00  0.000E+00  0.000E+00  0.000E+00  0.000E+00
  228.5790  0.000E+00  0.000E+00  0.000E+00  0.000E+00  0.000E+00  0.000E+00  0.000E+00  0.000E+00  0.000E+00  0.000E+00  0.000E+00  0.000E+00  0.000E+00  0.000E+00  0.000E+00  0.000E+00  0.000E+00  0.000E+00  0.000E+00
  231.2215  0.000E+00  0.000E+00  0.000E+00  0.000E+00  0.000E+00  0.000E+00  0.000E+00  0.000E+00  0.000E+00  0.000E+00  0.000E+00  0.000E+00  0.000E+00  0.000E+00  0.000E+00  0.000E+00  0.000E+00  0.000E+00  0.000E+00
  233.9260  0.000E+00  0.000E+00  0.000E+00  0.000E+00  0.000E+00  0.000E+00  0.000E+00  0.000E+00  0.000E+00  0.000E+00  0.000E+00  0.000E+00  0.000E+00  0.000E+00  0.000E+00  0.000E+00  0.000E+00  0.000E+00  0.000E+00
  236.6945  0.000E+00  0.000E+00  0.000E+00  0.000E+00  0.000E+00  0.000E+00  0.000E+00  0.000E+00  0.000E+00  0.000E+00  0.000E+00  0.000E+00  0.000E+00  0.000E+00  0.000E+00  0.000E+00  0.000E+00  0.000E+00  0.000E+00
  239.5295  0.000E+00  0.000E+00  0.000E+00  0.000E+00  0.000E+00  0.000E+00  0.000E+00  0.000E+00  0.000E+00  0.000E+00  0.000E+00  0.000E+00  0.000E+00  0.000E+00  0.000E+00  0.000E+00  0.000E+00  0.000E+00  0.000E+00
  242.4330  0.000E+00  0.000E+00  0.000E+00  0.000E+00  0.000E+00  0.000E+00  0.000E+00  0.000E+00  0.000E+00  0.000E+00  0.000E+00  0.000E+00  0.000E+00  0.000E+00  0.000E+00  0.000E+00  0.000E+00  0.000E+00  0.000E+00
  245.4080  0.000E+00  0.000E+00  0.000E+00  0.000E+00  0.000E+00  0.000E+00  0.000E+00  0.000E+00  0.000E+00  0.000E+00  0.000E+00  0.000E+00  0.000E+00  0.000E+00  0.000E+00  0.000E+00  0.000E+00  0.000E+00  0.000E+00
  248.4570  0.000E+00  0.000E+00  0.000E+00  0.000E+00  0.000E+00  0.000E+00  0.000E+00  0.000E+00  0.000E+00  0.000E+00  0.000E+00  0.000E+00  0.000E+00  0.000E+00  0.000E+00  0.000E+00  0.000E+00  0.000E+00  0.000E+00
  251.5825  0.000E+00  0.000E+00  0.000E+00  0.000E+00  0.000E+00  0.000E+00  0.000E+00  0.000E+00  0.000E+00  0.000E+00  0.000E+00  0.000E+00  0.000E+00  0.000E+00  0.000E+00  0.000E+00  0.000E+00  0.000E+00  0.000E+00
  254.7875  0.000E+00  0.000E+00  0.000E+00  0.000E+00  0.000E+00  0.000E+00  0.000E+00  0.000E+00  0.000E+00  0.000E+00  0.000E+00  0.000E+00  0.000E+00  0.000E+00  0.000E+00  0.000E+00  0.000E+00  0.000E+00  0.000E+00
  258.0750  0.000E+00  0.000E+00  0.000E+00  0.000E+00  0.000E+00  0.000E+00  0.000E+00  0.000E+00  0.000E+00  0.000E+00  0.000E+00  0.000E+00  0.000E+00  0.000E+00  0.000E+00  0.000E+00  0.000E+00  0.000E+00  0.000E+00
  261.4490  0.000E+00  0.000E+00  0.000E+00  0.000E+00  0.000E+00  0.000E+00  0.000E+00  0.000E+00  0.000E+00  0.000E+00  0.000E+00  0.000E+00  0.000E+00  0.000E+00  0.000E+00  0.000E+00  0.000E+00  0.000E+00  0.000E+00
  264.9125  0.000E+00  0.000E+00  0.000E+00  0.000E+00  0.000E+00  0.000E+00  0.000E+00  0.000E+00  0.000E+00  0.000E+00  0.000E+00  0.000E+00  0.000E+00  0.000E+00  0.000E+00  0.000E+00  0.000E+00  0.000E+00  0.000E+00
  268.4685  0.000E+00  0.000E+00  0.000E+00  0.000E+00  0.000E+00  0.000E+00  0.000E+00  0.000E+00  0.000E+00  0.000E+00  0.000E+00  0.000E+00  0.000E+00  0.000E+00  0.000E+00  0.000E+00  0.000E+00  0.000E+00  0.000E+00
  272.1215  0.000E+00  0.000E+00  0.000E+00  0.000E+00  0.000E+00  0.000E+00  0.000E+00  0.000E+00  0.000E+00  0.000E+00  0.000E+00  0.000E+00  0.000E+00  0.000E+00  0.000E+00  0.000E+00  0.000E+00  0.000E+00  0.000E+00
  275.8755  0.000E+00  0.000E+00  0.000E+00  0.000E+00  0.000E+00  0.000E+00  0.000E+00  0.000E+00  0.000E+00  0.000E+00  0.000E+00  0.000E+00  0.000E+00  0.000E+00  0.000E+00  0.000E+00  0.000E+00  0.000E+00  0.000E+00
  279.7340  0.000E+00  0.000E+00  0.000E+00  0.000E+00  0.000E+00  0.000E+00  0.000E+00  0.000E+00  0.000E+00  0.000E+00  0.000E+00  0.000E+00  0.000E+00  0.000E+00  0.000E+00  0.000E+00  0.000E+00  0.000E+00  0.000E+00
  283.7020  0.000E+00  0.000E+00  0.000E+00  0.000E+00  0.000E+00  0.000E+00  0.000E+00  0.000E+00  0.000E+00  0.000E+00  0.000E+00  0.000E+00  0.000E+00  0.000E+00  0.000E+00  0.000E+00  0.000E+00  0.000E+00  0.000E+00
  287.7845  0.000E+00  0.000E+00  0.000E+00  0.000E+00  0.000E+00  0.000E+00  0.000E+00  0.000E+00  0.000E+00  0.000E+00  0.000E+00  0.000E+00  0.000E+00  0.000E+00  0.000E+00  0.000E+00  0.000E+00  0.000E+00  0.000E+00
  291.9865  2.243E+10  2.168E+10  1.954E+10  1.637E+10  1.265E+10  8.924E+09  5.663E+09  3.150E+09  1.508E+09  5.978E+08  1.885E+08  4.907E+07  1.429E+07  6.894E+06  4.403E+06  2.962E+06  1.975E+06  1.206E+06  4.907E+05
  296.3090  8.991E+11  8.810E+11  8.282E+11  7.452E+11  6.391E+11  5.192E+11  3.958E+11  2.789E+11  1.791E+11  1.024E+11  5.008E+10  2.017E+10  6.557E+09  1.967E+09  8.116E+08  4.721E+08  2.927E+08  1.676E+08  6.528E+07
  300.5000  7.128E+12  7.040E+12  6.781E+12  6.359E+12  5.792E+12  5.104E+12  4.325E+12  3.493E+12  2.662E+12  1.889E+12  1.212E+12  6.815E+11  3.201E+11  1.191E+11  3.601E+10  1.246E+10  6.290E+09  3.252E+09  1.165E+09
  303.0000  2.341E+13  2.320E+13  2.256E+13  2.151E+13  2.007E+13  1.827E+13  1.615E+13  1.381E+13  1.125E+13  8.710E+12  6.248E+12  4.051E+12  2.279E+12  1.048E+12  3.683E+11  1.049E+11  3.774E+10  1.735E+10  5.730E+09
  304.0000  2.679E+13  2.656E+13  2.590E+13  2.479E+13  2.327E+13  2.135E+13  1.907E+13  1.644E+13  1.368E+13  1.081E+13  7.969E+12  5.349E+12  3.148E+12  1.532E+12  5.721E+11  1.635E+11  5.267E+10  2.291E+10  7.348E+09
  305.0000  3.882E+13  3.853E+13  3.767E+13  3.625E+13  3.426E+13  3.175E+13  2.872E+13  2.530E+13  2.139E+13  1.737E+13  1.324E+13  9.286E+12  5.788E+12  3.036E+12  1.238E+12  3.698E+11  1.044E+11  4.080E+10  1.247E+10
  306.0000  3.787E+13  3.762E+13  3.685E+13  3.557E+13  3.378E+13  3.150E+13  2.874E+13  2.552E+13  2.193E+13  1.811E+13  1.411E+13  1.018E+13  6.589E+12  3.631E+12  1.575E+12  4.940E+11  1.307E+11  4.644E+10  1.364E+10
  307.0000  5.070E+13  5.039E+13  4.946E+13  4.791E+13  4.573E+13  4.293E+13  3.951E+13  3.545E+13  3.093E+13  2.600E+13  2.074E+13  1.543E+13  1.039E+13  6.037E+12  2.806E+12  9.426E+11  2.402E+11  7.518E+10  2.088E+10
  308.0000  6.159E+13  6.125E+13  6.023E+13  5.852E+13  5.611E+13  5.300E+13  4.918E+13  4.458E+13  3.940E+13  3.368E+13  2.744E+13  2.098E+13  1.465E+13  8.947E+12  4.442E+12  1.611E+12  4.123E+11  1.133E+11  2.938E+10
  309.0000  6.513E+13  6.479E+13  6.378E+13  6.208E+13  5.968E+13  5.657E+13  5.273E+13  4.805E+13  4.282E+13  3.694E+13  3.047E+13  2.367E+13  1.688E+13  1.060E+13  5.466E+12  2.074E+12  5.408E+11  1.378E+11  3.404E+10
  310.0000  6.644E+13  6.614E+13  6.522E+13  6.369E+13  6.152E+13  5.868E+13  5.514E+13  5.080E+13  4.586E+13  4.024E+13  3.392E+13  2.711E+13  2.007E+13  1.327E+13  7.351E+12  3.068E+12  8.574E+11  1.945E+11  4.265E+10
  311.0000  1.133E+14  1.128E+14  1.113E+14  1.089E+14  1.054E+14  1.008E+14  9.503E+13  8.795E+13  7.984E+13  7.056E+13  6.003E+13  4.855E+13  3.654E+13  2.468E+13  1.409E+13  6.127E+12  1.778E+12  3.889E+11  8.033E+10
  312.0000  1.032E+14  1.027E+14  1.015E+14  9.947E+13  9.653E+13  9.266E+13  8.781E+13  8.174E+13  7.483E+13  6.679E+13  5.756E+13  4.734E+13  3.643E+13  2.537E+13  1.512E+13  6.975E+12  2.164E+12  4.608E+11  8.609E+10
  313.0000  1.176E+14  1.172E+14  1.159E+14  1.137E+14  1.107E+14  1.066E+14  1.015E+14  9.515E+13  8.771E+13  7.905E+13  6.898E+13  5.766E+13  4.534E+13  3.253E+13  2.021E+13  9.911E+12  3.313E+12  7.105E+11  1.192E+11
  314.0000  1.292E+14  1.287E+14  1.274E+14  1.251E+14  1.219E+14  1.176E+14  1.122E+14  1.054E+14  9.752E+13  8.824E+13  7.740E+13  6.514E+13  5.168E+13  3.753E+13  2.372E+13  1.192E+13  4.102E+12  8.861E+11  1.422E+11
  316.0000  1.359E+14  1.355E+14  1.343E+14  1.323E+14  1.293E+14  1.255E+14  1.205E+14  1.142E+14  1.068E+14  9.803E+13  8.755E+13  7.543E+13  6.175E+13  4.682E+13  3.146E+13  1.729E+13  6.755E+12  1.600E+12  2.215E+11
  320.0000  1.783E+14  1.779E+14  1.766E+14  1.745E+14  1.714E+14  1.673E+14  1.619E+14  1.550E+14  1.468E+14  1.368E+14  1.246E+14  1.102E+14  9.342E+13  7.428E+13  5.340E+13  3.242E+13  1.467E+13  4.121E+12  5.366E+11
  325.0000  2.310E+14  2.306E+14  2.293E+14  2.271E+14  2.239E+14  2.195E+14  2.139E+14  2.065E+14  1.974E+14  1.864E+14  1.726E+14  1.560E+14  1.359E+14  1.123E+14  8.526E+13  5.611E+13  2.868E+13  9.606E+12  1.421E+12
  330.0000  2.868E+14  2.863E+14  2.850E+14  2.826E+14  2.792E+14  2.745E+14  2.683E+14  2.602E+14  2.502E+14  2.378E+14  2.222E+14  2.031E+14  1.797E+14  1.515E+14  1.183E+14  8.104E+13  4.394E+13  1.598E+13  2.682E+12
  335.0000  2.718E+14  2.715E+14  2.703E+14  2.684E+14  2.655E+14  2.615E+14  2.563E+14  2.493E+14  2.407E+14  2.299E+14  2.163E+14  1.992E+14  1.782E+14  1.524E+14  1.214E+14  8.555E+13  4.825E+13  1.844E+13  3.418E+12
  340.0000  2.930E+14  2.926E+14  2.915E+14  2.896E+14  2.868E+14  2.829E+14  2.777E+14  2.707E+14  2.621E+14  2.512E+14  2.372E+14  2.198E+14  1.979E+14  1.708E+14  1.378E+14  9.882E+13  5.696E+13  2.214E+13  4.261E+12
  345.0000  2.862E+14  2.859E+14  2.849E+14  2.832E+14  2.806E+14  2.771E+14  2.724E+14  2.660E+14  2.581E+14  2.480E+14  2.350E+14  2.187E+14  1.980E+14  1.722E+14  1.403E+14  1.019E+14  5.970E+13  2.335E+13  4.545E+12
  350.0000  2.963E+14  2.960E+14  2.951E+14  2.934E+14  2.909E+14  2.875E+14  2.829E+14  2.767E+14  2.689E+14  2.589E+14  2.460E+14  2.296E+14  2.088E+14  1.826E+14  1.498E+14  1.100E+14  6.508E+13  2.535E+13  4.847E+12
  355.0000  3.106E+14  3.103E+14  3.094E+14  3.078E+14  3.054E+14  3.020E+14  2.975E+14  2.914E+14  2.836E+14  2.736E+14  2.607E+14  2.441E+14  2.230E+14  1.961E+14  1.622E+14  1.203E+14  7.213E+13  2.814E+13  5.329E+12
  360.0000  2.817E+14  2.814E+14  2.807E+14  2.793E+14  2.773E+14  2.744E+14  2.705E+14  2.653E+14  2.586E+14  2.500E+14  2.387E+14  2.242E+14  2.056E+14  1.818E+14  1.514E+14  1.135E+14  6.884E+13  2.690E+13  5.013E+12
  365.0000  3.555E+14  3.552E+14  3.543E+14  3.527E+14  3.503E+14  3.469E+14  3.423E+14  3.360E+14  3.280E+14  3.176E+14  3.040E+14  2.864E+14  2.636E+14  2.342E+14  1.964E+14  1.485E+14  9.122E+13  3.574E+13  6.540E+12
  370.0000  3.671E+14  3.668E+14  3.659E+14  3.644E+14  3.621E+14  3.588E+14  3.543E+14  3.482E+14  3.403E+14  3.301E+14  3.165E+14  2.990E+14  2.761E+14  2.465E+14  2.080E+14  1.587E+14  9.867E+13  3.882E+13  6.959E+12
  375.0000  3.295E+14  3.293E+14  3.286E+14  3.273E+14  3.253E+14  3.226E+14  3.188E+14  3.136E+14  3.068E+14  2.980E+14  2.864E+14  2.711E+14  2.512E+14  2.252E+14  1.913E+14  1.472E+14  9.262E+13  3.665E+13  6.424E+12
  380.0000  3.767E+14  3.765E+14  3.757E+14  3.744E+14  3.723E+14  3.693E+14  3.652E+14  3.596E+14  3.522E+14  3.426E+14  3.298E+14  3.130E+14  2.909E+14  2.619E+14  2.237E+14  1.736E+14  1.105E+14  4.406E+13  7.548E+12
  385.0000  2.826E+14  2.825E+14  2.819E+14  2.810E+14  2.795E+14  2.774E+14  2.745E+14  2.705E+14  2.652E+14  2.583E+14  2.491E+14  2.369E+14  2.208E+14  1.996E+14  1.714E+14  1.342E+14  8.642E+13  3.475E+13  5.813E+12
  390.0000  3.675E+14  3.673E+14  3.667E+14  3.655E+14  3.637E+14  3.611E+14  3.576E+14  3.526E+14  3.461E+14  3.375E+14  3.259E+14  3.106E+14  2.903E+14  2.634E+14  2.274E+14  1.794E+14  1.169E+14  4.748E+13  7.754E+12
  395.0000  2.841E+14  2.839E+14  2.834E+14  2.826E+14  2.813E+14  2.794E+14  2.768E+14  2.731E+14  2.683E+14  2.620E+14  2.534E+14  2.419E+14  2.267E+14  2.064E+14  1.791E+14  1.424E+14  9.385E+13  3.855E+13  6.143E+12
  400.0000  5.257E+14  5.254E+14  5.246E+14  5.231E+14  5.209E+14  5.176E+14  5.131E+14  5.066E+14  4.981E+14  4.868E+14  4.715E+14  4.510E+14  4.237E+14  3.871E+14  3.375E+14  2.702E+14  1.801E+14  7.491E+13  1.165E+13
  405.0000  5.346E+14  5.343E+14  5.335E+14  5.322E+14  5.300E+14  5.269E+14  5.225E+14  5.162E+14  5.079E+14  4.969E+14  4.819E+14  4.618E+14  4.348E+14  3.985E+14  3.491E+14  2.814E+14  1.897E+14  7.992E+13  1.213E+13
  410.0000  5.501E+14  5.498E+14  5.491E+14  5.477E+14  5.456E+14  5.426E+14  5.383E+14  5.322E+14  5.240E+14  5.131E+14  4.982E+14  4.782E+14  4.513E+14  4.148E+14  3.650E+14  2.962E+14  2.018E+14  8.619E+13  1.276E+13
  415.0000  5.722E+14  5.719E+14  5.712E+14  5.699E+14  5.679E+14  5.649E+14  5.606E+14  5.545E+14  5.464E+14  5.355E+14  5.206E+14  5.004E+14  4.732E+14  4.362E+14  3.854E+14  3.148E+14  2.167E+14  9.392E+13  1.358E+13
  420.0000  5.768E+14  5.765E+14  5.759E+14  5.746E+14  5.727E+14  5.698E+14  5.657E+14  5.599E+14  5.520E+14  5.415E+14  5.269E+14  5.073E+14  4.806E+14  4.443E+14  3.941E+14  3.239E+14  2.252E+14  9.905E+13  1.399E+13
  425.0000  5.501E+14  5.499E+14  5.493E+14  5.482E+14  5.464E+14  5.438E+14  5.401E+14  5.348E+14  5.276E+14  5.179E+14  5.045E+14  4.863E+14  4.616E+14  4.278E+14  3.809E+14  3.148E+14  2.211E+14  9.864E+13  1.361E+13
  430.0000  5.073E+14  5.071E+14  5.066E+14  5.056E+14  5.041E+14  5.018E+14  4.986E+14  4.938E+14  4.874E+14  4.788E+14  4.669E+14  4.507E+14  4.285E+14  3.981E+14  3.558E+14  2.957E+14  2.096E+14  9.500E+13  1.283E+13
  435.0000  5.888E+14  5.886E+14  5.881E+14  5.870E+14  5.853E+14  5.828E+14  5.792E+14  5.739E+14  5.668E+14  5.572E+14  5.438E+14  5.255E+14  5.005E+14  4.660E+14  4.179E+14  3.492E+14  2.498E+14  1.149E+14  1.520E+13
  440.0000  6.058E+14  6.056E+14  6.051E+14  6.040E+14  6.024E+14  5.999E+14  5.963E+14  5.911E+14  5.841E+14  5.745E+14  5.611E+14  5.429E+14  5.178E+14  4.832E+14  4.346E+14  3.650E+14  2.633E+14  1.229E+14  1.591E+13
  445.0000  6.511E+14  6.509E+14  6.503E+14  6.492E+14  6.476E+14  6.450E+14  6.413E+14  6.359E+14  6.286E+14  6.187E+14  6.048E+14  5.857E+14  5.595E+14  5.232E+14  4.720E+14  3.983E+14  2.898E+14  1.373E+14  1.744E+13
  450.0000  6.931E+14  6.929E+14  6.923E+14  6.912E+14  6.895E+14  6.870E+14  6.832E+14  6.777E+14  6.702E+14  6.599E+14  6.456E+14  6.258E+14  5.987E+14  5.609E+14  5.076E+14  4.303E+14  3.156E+14  1.518E+14  1.897E+13
  455.0000  6.791E+14  6.789E+14  6.784E+14  6.774E+14  6.758E+14  6.734E+14  6.698E+14  6.646E+14  6.575E+14  6.478E+14  6.341E+14  6.153E+14  5.894E+14  5.532E+14  5.020E+14  4.274E+14  3.160E+14  1.542E+14  1.897E+13
  460.0000  6.995E+14  6.994E+14  6.988E+14  6.978E+14  6.962E+14  6.938E+14  6.903E+14  6.850E+14  6.779E+14  6.681E+14  6.544E+14  6.354E+14  6.092E+14  5.727E+14  5.208E+14  4.450E+14  3.310E+14  1.634E+14  1.966E+13
  465.0000  6.929E+14  6.928E+14  6.923E+14  6.913E+14  6.898E+14  6.875E+14  6.841E+14  6.791E+14  6.723E+14  6.629E+14  6.497E+14  6.314E+14  6.061E+14  5.708E+14  5.204E+14  4.465E+14  3.346E+14  1.677E+14  1.997E+13
  470.0000  6.906E+14  6.904E+14  6.899E+14  6.890E+14  6.875E+14  6.853E+14  6.821E+14  6.772E+14  6.706E+14  6.615E+14  6.487E+14  6.310E+14  6.064E+14  5.719E+14  5.226E+14  4.502E+14  3.396E+14  1.725E+14  2.034E+13
  475.0000  7.001E+14  7.000E+14  6.995E+14  6.986E+14  6.972E+14  6.950E+14  6.918E+14  6.870E+14  6.805E+14  6.715E+14  6.588E+14  6.413E+14  6.169E+14  5.826E+14  5.336E+14  4.612E+14  3.501E+14  1.801E+14  2.102E+13
  480.0000  7.212E+14  7.210E+14  7.205E+14  7.196E+14  7.181E+14  7.159E+14  7.126E+14  7.078E+14  7.011E+14  6.920E+14  6.791E+14  6.612E+14  6.364E+14  6.016E+14  5.516E+14  4.777E+14  3.639E+14  1.886E+14  2.151E+13
  485.0000  6.568E+14  6.566E+14  6.562E+14  6.554E+14  6.541E+14  6.521E+14  6.492E+14  6.449E+14  6.390E+14  6.308E+14  6.194E+14  6.034E+14  5.813E+14  5.501E+14  5.054E+14  4.391E+14  3.364E+14  1.764E+14  2.001E+13
  490.0000  6.861E+14  6.860E+14  6.855E+14  6.847E+14  6.834E+14  6.814E+14  6.785E+14  6.741E+14  6.681E+14  6.598E+14  6.481E+14  6.319E+14  6.093E+14  5.774E+14  5.316E+14  4.635E+14  3.573E+14  1.900E+14  2.158E+13
  495.0000  7.009E+14  7.008E+14  7.003E+14  6.995E+14  6.982E+14  6.962E+14  6.932E+14  6.888E+14  6.828E+14  6.746E+14  6.628E+14  6.466E+14  6.239E+14  5.919E+14  5.459E+14  4.772E+14  3.697E+14  1.987E+14  2.250E+13
  500.0000  6.698E+14  6.697E+14  6.693E+14  6.685E+14  6.672E+14  6.653E+14  6.625E+14  6.583E+14  6.526E+14  6.447E+14  6.336E+14  6.182E+14  5.967E+14  5.664E+14  5.227E+14  4.575E+14  3.553E+14  1.919E+14  2.140E+13
  505.0000  6.817E+14  6.815E+14  6.811E+14  6.803E+14  6.790E+14  6.770E+14  6.741E+14  6.698E+14  6.639E+14  6.559E+14  6.446E+14  6.289E+14  6.071E+14  5.763E+14  5.320E+14  4.658E+14  3.621E+14  1.960E+14  2.142E+13
  510.0000  6.786E+14  6.785E+14  6.780E+14  6.772E+14  6.759E+14  6.740E+14  6.712E+14  6.670E+14  6.613E+14  6.535E+14  6.425E+14  6.272E+14  6.059E+14  5.759E+14  5.326E+14  4.678E+14  3.657E+14  2.005E+14  2.215E+13
  515.0000  6.313E+14  6.312E+14  6.308E+14  6.301E+14  6.289E+14  6.271E+14  6.245E+14  6.207E+14  6.155E+14  6.084E+14  5.983E+14  5.843E+14  5.648E+14  5.374E+14  4.977E+14  4.381E+14  3.440E+14  1.904E+14  2.117E+13
  520.0000  6.511E+14  6.510E+14  6.506E+14  6.498E+14  6.486E+14  6.468E+14  6.441E+14  6.402E+14  6.349E+14  6.275E+14  6.172E+14  6.030E+14  5.831E+14  5.551E+14  5.145E+14  4.536E+14  3.572E+14  1.991E+14  2.217E+13
  525.0000  6.549E+14  6.547E+14  6.543E+14  6.535E+14  6.523E+14  6.504E+14  6.477E+14  6.437E+14  6.383E+14  6.309E+14  6.205E+14  6.061E+14  5.862E+14  5.580E+14  5.173E+14  4.562E+14  3.595E+14  2.008E+14  2.216E+13
  530.0000  6.911E+14  6.910E+14  6.905E+14  6.896E+14  6.882E+14  6.862E+14  6.832E+14  6.789E+14  6.731E+14  6.652E+14  6.541E+14  6.388E+14  6.176E+14  5.878E+14  5.447E+14  4.801E+14  3.778E+14  2.107E+14  2.290E+13
  535.0000  6.720E+14  6.719E+14  6.714E+14  6.706E+14  6.692E+14  6.672E+14  6.643E+14  6.601E+14  6.545E+14  6.468E+14  6.361E+14  6.213E+14  6.008E+14  5.719E+14  5.303E+14  4.679E+14  3.690E+14  2.067E+14  2.256E+13
  540.0000  6.754E+14  6.753E+14  6.748E+14  6.739E+14  6.726E+14  6.705E+14  6.677E+14  6.635E+14  6.579E+14  6.503E+14  6.396E+14  6.250E+14  6.046E+14  5.760E+14  5.347E+14  4.726E+14  3.740E+14  2.113E+14  2.341E+13
  545.0000  6.877E+14  6.875E+14  6.870E+14  6.861E+14  6.847E+14  6.826E+14  6.797E+14  6.754E+14  6.697E+14  6.619E+14  6.511E+14  6.361E+14  6.155E+14  5.865E+14  5.446E+14  4.816E+14  3.816E+14  2.164E+14  2.408E+13
  550.0000  6.924E+14  6.922E+14  6.917E+14  6.908E+14  6.893E+14  6.872E+14  6.842E+14  6.799E+14  6.741E+14  6.663E+14  6.555E+14  6.405E+14  6.199E+14  5.908E+14  5.489E+14  4.859E+14  3.857E+14  2.197E+14  2.470E+13
  555.0000  6.890E+14  6.888E+14  6.883E+14  6.874E+14  6.859E+14  6.838E+14  6.808E+14  6.765E+14  6.708E+14  6.631E+14  6.524E+14  6.376E+14  6.172E+14  5.886E+14  5.473E+14  4.851E+14  3.861E+14  2.215E+14  2.533E+13
  560.0000  6.735E+14  6.734E+14  6.728E+14  6.719E+14  6.704E+14  6.683E+14  6.653E+14  6.610E+14  6.554E+14  6.477E+14  6.371E+14  6.225E+14  6.025E+14  5.743E+14  5.338E+14  4.729E+14  3.760E+14  2.154E+14  2.461E+13
  565.0000  6.765E+14  6.763E+14  6.757E+14  6.747E+14  6.732E+14  6.710E+14  6.679E+14  6.635E+14  6.577E+14  6.499E+14  6.391E+14  6.243E+14  6.040E+14  5.755E+14  5.346E+14  4.732E+14  3.757E+14  2.147E+14  2.448E+13
  570.0000  6.750E+14  6.748E+14  6.743E+14  6.733E+14  6.717E+14  6.695E+14  6.663E+14  6.619E+14  6.560E+14  6.481E+14  6.373E+14  6.225E+14  6.022E+14  5.738E+14  5.329E+14  4.717E+14  3.745E+14  2.142E+14  2.461E+13
  575.0000  6.895E+14  6.893E+14  6.887E+14  6.877E+14  6.861E+14  6.838E+14  6.805E+14  6.760E+14  6.700E+14  6.619E+14  6.509E+14  6.359E+14  6.152E+14  5.863E+14  5.448E+14  4.826E+14  3.839E+14  2.205E+14  2.576E+13
  580.0000  6.823E+14  6.821E+14  6.815E+14  6.805E+14  6.789E+14  6.767E+14  6.736E+14  6.691E+14  6.634E+14  6.556E+14  6.449E+14  6.303E+14  6.103E+14  5.823E+14  5.420E+14  4.814E+14  3.849E+14  2.238E+14  2.708E+13
  585.0000  6.868E+14  6.866E+14  6.861E+14  6.850E+14  6.835E+14  6.813E+14  6.782E+14  6.739E+14  6.682E+14  6.605E+14  6.500E+14  6.356E+14  6.159E+14  5.883E+14  5.485E+14  4.885E+14  3.927E+14  2.312E+14  2.901E+13
  590.0000  6.661E+14  6.660E+14  6.654E+14  6.644E+14  6.630E+14  6.608E+14  6.579E+14  6.537E+14  6.482E+14  6.408E+14  6.307E+14  6.170E+14  5.980E+14  5.715E+14  5.334E+14  4.759E+14  3.837E+14  2.276E+14  2.930E+13
  595.0000  6.821E+14  6.819E+14  6.813E+14  6.803E+14  6.787E+14  6.765E+14  6.734E+14  6.690E+14  6.633E+14  6.557E+14  6.453E+14  6.311E+14  6.116E+14  5.844E+14  5.452E+14  4.863E+14  3.919E+14  2.324E+14  3.018E+13
  600.0000  6.679E+14  6.677E+14  6.671E+14  6.661E+14  6.645E+14  6.622E+14  6.591E+14  6.547E+14  6.491E+14  6.415E+14  6.311E+14  6.170E+14  5.978E+14  5.709E+14  5.323E+14  4.743E+14  3.815E+14  2.256E+14  2.940E+13
  605.0000  6.792E+14  6.790E+14  6.783E+14  6.773E+14  6.757E+14  6.734E+14  6.702E+14  6.657E+14  6.600E+14  6.523E+14  6.419E+14  6.277E+14  6.083E+14  5.812E+14  5.423E+14  4.838E+14  3.901E+14  2.321E+14  3.097E+13
  610.0000  6.752E+14  6.750E+14  6.744E+14  6.734E+14  6.718E+14  6.696E+14  6.666E+14  6.623E+14  6.568E+14  6.494E+14  6.393E+14  6.256E+14  6.069E+14  5.807E+14  5.431E+14  4.863E+14  3.949E+14  2.387E+14  3.334E+13
  615.0000  6.639E+14  6.637E+14  6.631E+14  6.622E+14  6.607E+14  6.586E+14  6.558E+14  6.517E+14  6.465E+14  6.395E+14  6.299E+14  6.169E+14  5.991E+14  5.742E+14  5.383E+14  4.839E+14  3.959E+14  2.435E+14  3.568E+13
  620.0000  6.780E+14  6.779E+14  6.773E+14  6.764E+14  6.749E+14  6.728E+14  6.700E+14  6.660E+14  6.608E+14  6.539E+14  6.444E+14  6.316E+14  6.139E+14  5.892E+14  5.534E+14  4.992E+14  4.110E+14  2.565E+14  3.921E+13
  625.0000  6.678E+14  6.676E+14  6.671E+14  6.662E+14  6.648E+14  6.628E+14  6.601E+14  6.563E+14  6.513E+14  6.446E+14  6.355E+14  6.232E+14  6.062E+14  5.824E+14  5.480E+14  4.957E+14  4.103E+14  2.593E+14  4.115E+13
  630.0000  6.730E+14  6.729E+14  6.724E+14  6.715E+14  6.701E+14  6.682E+14  6.655E+14  6.618E+14  6.569E+14  6.504E+14  6.414E+14  6.293E+14  6.127E+14  5.893E+14  5.555E+14  5.040E+14  4.194E+14  2.685E+14  4.428E+13
  635.0000  6.728E+14  6.727E+14  6.722E+14  6.713E+14  6.700E+14  6.681E+14  6.655E+14  6.619E+14  6.572E+14  6.508E+14  6.422E+14  6.304E+14  6.143E+14  5.915E+14  5.586E+14  5.084E+14  4.256E+14  2.761E+14  4.736E+13
  640.0000  6.695E+14  6.694E+14  6.689E+14  6.681E+14  6.668E+14  6.650E+14  6.625E+14  6.590E+14  6.545E+14  6.484E+14  6.400E+14  6.287E+14  6.131E+14  5.911E+14  5.593E+14  5.105E+14  4.299E+14  2.826E+14  5.044E+13
  644.8000  6.699E+14  6.698E+14  6.693E+14  6.685E+14  6.673E+14  6.655E+14  6.631E+14  6.597E+14  6.552E+14  6.493E+14  6.412E+14  6.302E+14  6.150E+14  5.936E+14  5.625E+14  5.149E+14  4.358E+14  2.899E+14  5.362E+13
  651.0500  6.668E+14  6.666E+14  6.662E+14  6.654E+14  6.642E+14  6.625E+14  6.602E+14  6.569E+14  6.526E+14  6.469E+14  6.390E+14  6.284E+14  6.137E+14  5.930E+14  5.630E+14  5.169E+14  4.399E+14  2.966E+14  5.715E+13
  660.0000  6.399E+14  6.398E+14  6.394E+14  6.387E+14  6.375E+14  6.360E+14  6.339E+14  6.308E+14  6.269E+14  6.216E+14  6.145E+14  6.047E+14  5.912E+14  5.722E+14  5.446E+14  5.021E+14  4.307E+14  2.958E+14  6.039E+13
  670.0000  6.653E+14  6.651E+14  6.647E+14  6.640E+14  6.629E+14  6.614E+14  6.592E+14  6.563E+14  6.524E+14  6.472E+14  6.401E+14  6.304E+14  6.171E+14  5.984E+14  5.710E+14  5.288E+14  4.576E+14  3.207E+14  6.968E+13
  680.0000  6.614E+14  6.612E+14  6.609E+14  6.601E+14  6.591E+14  6.576E+14  6.556E+14  6.528E+14  6.490E+14  6.441E+14  6.374E+14  6.282E+14  6.156E+14  5.978E+14  5.718E+14  5.316E+14  4.634E+14  3.305E+14  7.599E+13
  690.0000  6.598E+14  6.597E+14  6.593E+14  6.586E+14  6.576E+14  6.562E+14  6.542E+14  6.515E+14  6.479E+14  6.432E+14  6.367E+14  6.279E+14  6.158E+14  5.987E+14  5.738E+14  5.353E+14  4.696E+14  3.400E+14  8.222E+13
  700.0000  6.563E+14  6.562E+14  6.558E+14  6.551E+14  6.542E+14  6.528E+14  6.509E+14  6.482E+14  6.448E+14  6.403E+14  6.341E+14  6.257E+14  6.141E+14  5.979E+14  5.741E+14  5.373E+14  4.743E+14  3.485E+14  8.853E+13
  710.0000  6.484E+14  6.483E+14  6.479E+14  6.473E+14  6.463E+14  6.449E+14  6.431E+14  6.406E+14  6.372E+14  6.328E+14  6.269E+14  6.188E+14  6.078E+14  5.922E+14  5.695E+14  5.343E+14  4.738E+14  3.522E+14  9.324E+13
  720.0000  6.343E+14  6.342E+14  6.338E+14  6.332E+14  6.323E+14  6.310E+14  6.292E+14  6.267E+14  6.235E+14  6.193E+14  6.136E+14  6.059E+14  5.954E+14  5.806E+14  5.590E+14  5.256E+14  4.681E+14  3.514E+14  9.666E+13
  730.0000  6.268E+14  6.267E+14  6.263E+14  6.257E+14  6.248E+14  6.235E+14  6.218E+14  6.194E+14  6.163E+14  6.122E+14  6.068E+14  5.994E+14  5.893E+14  5.751E+14  5.545E+14  5.225E+14  4.673E+14  3.546E+14  1.014E+14
------------------------------------------------------------
Photolysis rate coefficients, s-1
   1 = O3 -> O2 + O(1D)                                  
   2 = NO2 -> NO + O(3P)                                 
   3 = HNO2 -> OH + NO                                   
   4 = HNO3 -> OH + NO2                                  
   5 = Cl2 -> Cl + Cl                                    
   6 = ClOO -> Products                                  
   7 = OClO -> Products                                  
   8 = ClOOCl -> Cl + ClOO                               
   9 = ClNO2 -> Cl + NO2                                 
  10 = Br2 -> Br + Br                                    
  11 = BrO -> Br + O                                     
  12 = HOBr -> OH + Br                                   
  13 = BrNO -> Br + NO                                   
  14 = BrONO -> Br + NO2                                 
  15 = BrONO -> BrO + NO                                 
  16 = BrNO2 -> Br + NO2                                 
  17 = BrONO2 -> BrO + NO2                               
  18 = BrONO2 -> Br + NO3                                
  19 = BrCl -> Br + Cl                                   
values at z =      4.000 km
Columns: sza, photo-reactions
 sza, deg.          1          2          3          4          5          6          7          8          9         10         11         12         13         14         15         16         17         18         19
    0.0000  6.844E-05  1.403E-02  2.412E-03  1.131E-06  3.845E-03  0.000E+00  1.273E-01  2.922E-03  8.387E-04  4.260E-02  6.387E-02  3.393E-03  3.110E-02  2.007E-02  2.007E-02  7.003E-03  3.270E-04  1.853E-03  1.520E-02
    5.0000  6.795E-05  1.402E-02  2.410E-03  1.126E-06  3.839E-03  0.000E+00  1.272E-01  2.917E-03  8.371E-04  4.259E-02  6.377E-02  3.390E-03  3.109E-02  2.003E-02  2.003E-02  6.997E-03  3.266E-04  1.851E-03  1.519E-02
   10.0000  6.648E-05  1.398E-02  2.402E-03  1.110E-06  3.823E-03  0.000E+00  1.268E-01  2.900E-03  8.321E-04  4.254E-02  6.346E-02  3.379E-03  3.104E-02  1.992E-02  1.992E-02  6.980E-03  3.254E-04  1.844E-03  1.517E-02
   15.0000  6.406E-05  1.391E-02  2.389E-03  1.083E-06  3.796E-03  0.000E+00  1.261E-01  2.871E-03  8.237E-04  4.247E-02  6.293E-02  3.360E-03  3.096E-02  1.973E-02  1.973E-02  6.951E-03  3.233E-04  1.832E-03  1.512E-02
   20.0000  6.073E-05  1.381E-02  2.370E-03  1.045E-06  3.756E-03  0.000E+00  1.252E-01  2.830E-03  8.115E-04  4.234E-02  6.216E-02  3.333E-03  3.085E-02  1.945E-02  1.945E-02  6.906E-03  3.203E-04  1.815E-03  1.505E-02
   25.0000  5.655E-05  1.367E-02  2.342E-03  9.966E-07  3.701E-03  0.000E+00  1.238E-01  2.774E-03  7.952E-04  4.216E-02  6.111E-02  3.295E-03  3.068E-02  1.908E-02  1.908E-02  6.844E-03  3.161E-04  1.791E-03  1.495E-02
   30.0000  5.161E-05  1.348E-02  2.306E-03  9.378E-07  3.628E-03  0.000E+00  1.221E-01  2.703E-03  7.742E-04  4.190E-02  5.974E-02  3.246E-03  3.045E-02  1.860E-02  1.860E-02  6.759E-03  3.106E-04  1.760E-03  1.480E-02
   35.0000  4.598E-05  1.322E-02  2.257E-03  8.677E-07  3.533E-03  0.000E+00  1.196E-01  2.611E-03  7.473E-04  4.152E-02  5.795E-02  3.179E-03  3.012E-02  1.798E-02  1.798E-02  6.644E-03  3.034E-04  1.719E-03  1.461E-02
   40.0000  3.988E-05  1.290E-02  2.195E-03  7.891E-07  3.415E-03  0.000E+00  1.166E-01  2.502E-03  7.149E-04  4.102E-02  5.574E-02  3.096E-03  2.970E-02  1.723E-02  1.723E-02  6.498E-03  2.945E-04  1.669E-03  1.435E-02
   45.0000  3.352E-05  1.248E-02  2.117E-03  7.024E-07  3.270E-03  0.000E+00  1.127E-01  2.369E-03  6.759E-04  4.034E-02  5.304E-02  2.992E-03  2.916E-02  1.632E-02  1.632E-02  6.311E-03  2.834E-04  1.606E-03  1.401E-02
   50.0000  2.699E-05  1.194E-02  2.015E-03  6.070E-07  3.085E-03  0.000E+00  1.077E-01  2.208E-03  6.282E-04  3.939E-02  4.965E-02  2.858E-03  2.842E-02  1.519E-02  1.519E-02  6.065E-03  2.694E-04  1.527E-03  1.356E-02
   55.0000  2.062E-05  1.124E-02  1.886E-03  5.057E-07  2.858E-03  0.000E+00  1.013E-01  2.015E-03  5.712E-04  3.811E-02  4.550E-02  2.690E-03  2.745E-02  1.383E-02  1.383E-02  5.748E-03  2.520E-04  1.428E-03  1.297E-02
   60.0000  1.471E-05  1.035E-02  1.722E-03  4.012E-07  2.577E-03  0.000E+00  9.309E-02  1.785E-03  5.036E-04  3.637E-02  4.045E-02  2.478E-03  2.615E-02  1.220E-02  1.220E-02  5.340E-03  2.305E-04  1.306E-03  1.218E-02
   65.0000  9.567E-06  9.213E-03  1.515E-03  2.972E-07  2.233E-03  0.000E+00  8.272E-02  1.515E-03  4.245E-04  3.398E-02  3.439E-02  2.211E-03  2.442E-02  1.028E-02  1.028E-02  4.812E-03  2.038E-04  1.155E-03  1.114E-02
   70.0000  5.491E-06  7.760E-03  1.255E-03  1.992E-07  1.819E-03  0.000E+00  6.958E-02  1.203E-03  3.336E-04  3.064E-02  2.723E-02  1.876E-03  2.207E-02  8.053E-03  8.053E-03  4.129E-03  1.710E-04  9.689E-04  9.746E-03
   75.0000  2.658E-06  5.926E-03  9.357E-04  1.143E-07  1.330E-03  0.000E+00  5.314E-02  8.535E-04  2.330E-04  2.588E-02  1.912E-02  1.458E-03  1.881E-02  5.581E-03  5.581E-03  3.244E-03  1.309E-04  7.418E-04  7.880E-03
   80.0000  1.030E-06  3.715E-03  5.665E-04  5.115E-08  7.943E-04  0.000E+00  3.347E-02  4.908E-04  1.311E-04  1.896E-02  1.076E-02  9.520E-04  1.415E-02  3.095E-03  3.095E-03  2.129E-03  8.372E-05  4.744E-04  5.402E-03
   85.0000  3.043E-07  1.484E-03  2.214E-04  1.573E-08  3.121E-04  0.000E+00  1.357E-02  1.862E-04  4.890E-05  9.302E-03  4.031E-03  4.120E-04  7.586E-03  1.149E-03  1.149E-03  8.957E-04  3.518E-05  1.994E-04  2.424E-03
   90.0000  5.533E-08  2.532E-04  3.999E-05  2.536E-09  5.373E-05  0.000E+00  2.256E-03  3.266E-05  8.667E-06  1.168E-03  7.299E-04  6.219E-05  1.076E-03  2.082E-04  2.082E-04  1.389E-04  5.451E-06  3.089E-05  3.461E-04
------------------------------------------------------------
