Spectral actinic flux, quanta cm-2 s-1 nm-1
values at z =      8.000 km
Columns: wavelength (nm), solar zenith angles (deg.)
    wc, nm      0.000      5.000     10.000     15.000     20.000     25.000     30.000     35.000     40.000     45.000     50.000     55.000     60.000     65.000     70.000     75.000     80.000     85.000     90.000
  120.7000  0.000E+00  0.000E+00  0.000E+00  0.000E+00  0.000E+00  0.000E+00  0.000E+00  0.000E+00  0.000E+00  0.000E+00  0.000E+00  0.000E+00  0.000E+00  0.000E+00  0.000E+00  0.000E+00  0.000E+00  0.000E+00  0.000E+00
  121.6500  0.000E+00  0.000E+00  0.000E+00  0.000E+00  0.000E+00  0.000E+00  0.000E+00  0.000E+00  0.000E+00  0.000E+00  0.000E+00  0.000E+00  0.000E+00  0.000E+00  0.000E+00  0.000E+00  0.000E+00  0.000E+00  0.000E+00
  122.1000  0.000E+00  0.000E+00  0.000E+00  0.000E+00  0.000E+00  0.000E+00  0.000E+00  0.000E+00  0.000E+00  0.000E+00  0.000E+00  0.000E+00  0.000E+00  0.000E+00  0.000E+00  0.000E+00  0.000E+00  0.000E+00  0.000E+00
  122.7000  0.000E+00  0.000E+00  0.000E+00  0.000E+00  0.000E+00  0.000E+00  0.000E+00  0.000E+00  0.000E+00  0.000E+00  0.000E+00  0.000E+00  0.000E+00  0.000E+00  0.000E+00  0.000E+00  0.000E+00  0.000E+00  0.000E+00
  123.4500  0.000E+00  0.000E+00  0.000E+00  0.000E+00  0.000E+00  0.000E+00  0.000E+00  0.000E+00  0.000E+00  0.000E+00  0.000E+00  0.000E+00  0.000E+00  0.000E+00  0.000E+00  0.000E+00  0.000E+00  0.000E+00  0.000E+00
  124.2000  0.000E+00  0.000E+00  0.000E+00  0.000E+00  0.000E+00  0.000E+00  0.000E+00  0.000E+00  0.000E+00  0.000E+00  0.000E+00  0.000E+00  0.000E+00  0.000E+00  0.000E+00  0.000E+00  0.000E+00  0.000E+00  0.000E+00
  125.0000  0.000E+00  0.000E+00  0.000E+00  0.000E+00  0.000E+00  0.000E+00  0.000E+00  0.000E+00  0.000E+00  0.000E+00  0.000E+00  0.000E+00  0.000E+00  0.000E+00  0.000E+00  0.000E+00  0.000E+00  0.000E+00  0.000E+00
  125.8000  0.000E+00  0.000E+00  0.000E+00  0.000E+00  0.000E+00  0.000E+00  0.000E+00  0.000E+00  0.000E+00  0.000E+00  0.000E+00  0.000E+00  0.000E+00  0.000E+00  0.000E+00  0.000E+00  0.000E+00  0.000E+00  0.000E+00
  126.6000  0.000E+00  0.000E+00  0.000E+00  0.000E+00  0.000E+00  0.000E+00  0.000E+00  0.000E+00  0.000E+00  0.000E+00  0.000E+00  0.000E+00  0.000E+00  0.000E+00  0.000E+00  0.000E+00  0.000E+00  0.000E+00  0.000E+00
  127.8000  0.000E+00  0.000E+00  0.000E+00  0.000E+00  0.000E+00  0.000E+00  0.000E+00  0.000E+00  0.000E+00  0.000E+00  0.000E+00  0.000E+00  0.000E+00  0.000E+00  0.000E+00  0.000E+00  0.000E+00  0.000E+00  0.000E+00
  129.0000  0.000E+00  0.000E+00  0.000E+00  0.000E+00  0.000E+00  0.000E+00  0.000E+00  0.000E+00  0.000E+00  0.000E+00  0.000E+00  0.000E+00  0.000E+00  0.000E+00  0.000E+00  0.000E+00  0.000E+00  0.000E+00  0.000E+00
  129.8500  0.000E+00  0.000E+00  0.000E+00  0.000E+00  0.000E+00  0.000E+00  0.000E+00  0.000E+00  0.000E+00  0.000E+00  0.000E+00  0.000E+00  0.000E+00  0.000E+00  0.000E+00  0.000E+00  0.000E+00  0.000E+00  0.000E+00
  131.1500  0.000E+00  0.000E+00  0.000E+00  0.000E+00  0.000E+00  0.000E+00  0.000E+00  0.000E+00  0.000E+00  0.000E+00  0.000E+00  0.000E+00  0.000E+00  0.000E+00  0.000E+00  0.000E+00  0.000E+00  0.000E+00  0.000E+00
  133.5000  0.000E+00  0.000E+00  0.000E+00  0.000E+00  0.000E+00  0.000E+00  0.000E+00  0.000E+00  0.000E+00  0.000E+00  0.000E+00  0.000E+00  0.000E+00  0.000E+00  0.000E+00  0.000E+00  0.000E+00  0.000E+00  0.000E+00
  136.0000  0.000E+00  0.000E+00  0.000E+00  0.000E+00  0.000E+00  0.000E+00  0.000E+00  0.000E+00  0.000E+00  0.000E+00  0.000E+00  0.000E+00  0.000E+00  0.000E+00  0.000E+00  0.000E+00  0.000E+00  0.000E+00  0.000E+00
  141.0000  0.000E+00  0.000E+00  0.000E+00  0.000E+00  0.000E+00  0.000E+00  0.000E+00  0.000E+00  0.000E+00  0.000E+00  0.000E+00  0.000E+00  0.000E+00  0.000E+00  0.000E+00  0.000E+00  0.000E+00  0.000E+00  0.000E+00
  150.0000  0.000E+00  0.000E+00  0.000E+00  0.000E+00  0.000E+00  0.000E+00  0.000E+00  0.000E+00  0.000E+00  0.000E+00  0.000E+00  0.000E+00  0.000E+00  0.000E+00  0.000E+00  0.000E+00  0.000E+00  0.000E+00  0.000E+00
  160.0000  0.000E+00  0.000E+00  0.000E+00  0.000E+00  0.000E+00  0.000E+00  0.000E+00  0.000E+00  0.000E+00  0.000E+00  0.000E+00  0.000E+00  0.000E+00  0.000E+00  0.000E+00  0.000E+00  0.000E+00  0.000E+00  0.000E+00
  167.5000  0.000E+00  0.000E+00  0.000E+00  0.000E+00  0.000E+00  0.000E+00  0.000E+00  0.000E+00  0.000E+00  0.000E+00  0.000E+00  0.000E+00  0.000E+00  0.000E+00  0.000E+00  0.000E+00  0.000E+00  0.000E+00  0.000E+00
  172.2000  0.000E+00  0.000E+00  0.000E+00  0.000E+00  0.000E+00  0.000E+00  0.000E+00  0.000E+00  0.000E+00  0.000E+00  0.000E+00  0.000E+00  0.000E+00  0.000E+00  0.000E+00  0.000E+00  0.000E+00  0.000E+00  0.000E+00
  175.7000  0.000E+00  0.000E+00  0.000E+00  0.000E+00  0.000E+00  0.000E+00  0.000E+00  0.000E+00  0.000E+00  0.000E+00  0.000E+00  0.000E+00  0.000E+00  0.000E+00  0.000E+00  0.000E+00  0.000E+00  0.000E+00  0.000E+00
  177.8000  0.000E+00  0.000E+00  0.000E+00  0.000E+00  0.000E+00  0.000E+00  0.000E+00  0.000E+00  0.000E+00  0.000E+00  0.000E+00  0.000E+00  0.000E+00  0.000E+00  0.000E+00  0.000E+00  0.000E+00  0.000E+00  0.000E+00
  179.4000  0.000E+00  0.000E+00  0.000E+00  0.000E+00  0.000E+00  0.000E+00  0.000E+00  0.000E+00  0.000E+00  0.000E+00  0.000E+00  0.000E+00  0.000E+00  0.000E+00  0.000E+00  0.000E+00  0.000E+00  0.000E+00  0.000E+00
  181.0000  0.000E+00  0.000E+00  0.000E+00  0.000E+00  0.000E+00  0.000E+00  0.000E+00  0.000E+00  0.000E+00  0.000E+00  0.000E+00  0.000E+00  0.000E+00  0.000E+00  0.000E+00  0.000E+00  0.000E+00  0.000E+00  0.000E+00
  182.6500  0.000E+00  0.000E+00  0.000E+00  0.000E+00  0.000E+00  0.000E+00  0.000E+00  0.000E+00  0.000E+00  0.000E+00  0.000E+00  0.000E+00  0.000E+00  0.000E+00  0.000E+00  0.000E+00  0.000E+00  0.000E+00  0.000E+00
  184.3500  0.000E+00  0.000E+00  0.000E+00  0.000E+00  0.000E+00  0.000E+00  0.000E+00  0.000E+00  0.000E+00  0.000E+00  0.000E+00  0.000E+00  0.000E+00  0.000E+00  0.000E+00  0.000E+00  0.000E+00  0.000E+00  0.000E+00
  186.0500  0.000E+00  0.000E+00  0.000E+00  0.000E+00  0.000E+00  0.000E+00  0.000E+00  0.000E+00  0.000E+00  0.000E+00  0.000E+00  0.000E+00  0.000E+00  0.000E+00  0.000E+00  0.000E+00  0.000E+00  0.000E+00  0.000E+00
  187.8000  0.000E+00  0.000E+00  0.000E+00  0.000E+00  0.000E+00  0.000E+00  0.000E+00  0.000E+00  0.000E+00  0.000E+00  0.000E+00  0.000E+00  0.000E+00  0.000E+00  0.000E+00  0.000E+00  0.000E+00  0.000E+00  0.000E+00
  189.6000  0.000E+00  0.000E+00  0.000E+00  0.000E+00  0.000E+00  0.000E+00  0.000E+00  0.000E+00  0.000E+00  0.000E+00  0.000E+00  0.000E+00  0.000E+00  0.000E+00  0.000E+00  0.000E+00  0.000E+00  0.000E+00  0.000E+00
  191.4000  0.000E+00  0.000E+00  0.000E+00  0.000E+00  0.000E+00  0.000E+00  0.000E+00  0.000E+00  0.000E+00  0.000E+00  0.000E+00  0.000E+00  0.000E+00  0.000E+00  0.000E+00  0.000E+00  0.000E+00  0.000E+00  0.000E+00
  193.2500  0.000E+00  0.000E+00  0.000E+00  0.000E+00  0.000E+00  0.000E+00  0.000E+00  0.000E+00  0.000E+00  0.000E+00  0.000E+00  0.000E+00  0.000E+00  0.000E+00  0.000E+00  0.000E+00  0.000E+00  0.000E+00  0.000E+00
  195.1500  0.000E+00  0.000E+00  0.000E+00  0.000E+00  0.000E+00  0.000E+00  0.000E+00  0.000E+00  0.000E+00  0.000E+00  0.000E+00  0.000E+00  0.000E+00  0.000E+00  0.000E+00  0.000E+00  0.000E+00  0.000E+00  0.000E+00
  197.0500  0.000E+00  0.000E+00  0.000E+00  0.000E+00  0.000E+00  0.000E+00  0.000E+00  0.000E+00  0.000E+00  0.000E+00  0.000E+00  0.000E+00  0.000E+00  0.000E+00  0.000E+00  0.000E+00  0.000E+00  0.000E+00  0.000E+00
  199.0000  0.000E+00  0.000E+00  0.000E+00  0.000E+00  0.000E+00  0.000E+00  0.000E+00  0.000E+00  0.000E+00  0.000E+00  0.000E+00  0.000E+00  0.000E+00  0.000E+00  0.000E+00  0.000E+00  0.000E+00  0.000E+00  0.000E+00
  201.0000  0.000E+00  0.000E+00  0.000E+00  0.000E+00  0.000E+00  0.000E+00  0.000E+00  0.000E+00  0.000E+00  0.000E+00  0.000E+00  0.000E+00  0.000E+00  0.000E+00  0.000E+00  0.000E+00  0.000E+00  0.000E+00  0.000E+00
  203.0500  0.000E+00  0.000E+00  0.000E+00  0.000E+00  0.000E+00  0.000E+00  0.000E+00  0.000E+00  0.000E+00  0.000E+00  0.000E+00  0.000E+00  0.000E+00  0.000E+00  0.000E+00  0.000E+00  0.000E+00  0.000E+00  0.000E+00
  204.9500  0.000E+00  0.000E+00  0.000E+00  0.000E+00  0.000E+00  0.000E+00  0.000E+00  0.000E+00  0.000E+00  0.000E+00  0.000E+00  0.000E+00  0.000E+00  0.000E+00  0.000E+00  0.000E+00  0.000E+00  0.000E+00  0.000E+00
  207.0665  0.000E+00  0.000E+00  0.000E+00  0.000E+00  0.000E+00  0.000E+00  0.000E+00  0.000E+00  0.000E+00  0.000E+00  0.000E+00  0.000E+00  0.000E+00  0.000E+00  0.000E+00  0.000E+00  0.000E+00  0.000E+00  0.000E+00
  209.4295  0.000E+00  0.000E+00  0.000E+00  0.000E+00  0.000E+00  0.000E+00  0.000E+00  0.000E+00  0.000E+00  0.000E+00  0.000E+00  0.000E+00  0.000E+00  0.000E+00  0.000E+00  0.000E+00  0.000E+00  0.000E+00  0.000E+00
  211.6460  0.000E+00  0.000E+00  0.000E+00  0.000E+00  0.000E+00  0.000E+00  0.000E+00  0.000E+00  0.000E+00  0.000E+00  0.000E+00  0.000E+00  0.000E+00  0.000E+00  0.000E+00  0.000E+00  0.000E+00  0.000E+00  0.000E+00
  213.9100  0.000E+00  0.000E+00  0.000E+00  0.000E+00  0.000E+00  0.000E+00  0.000E+00  0.000E+00  0.000E+00  0.000E+00  0.000E+00  0.000E+00  0.000E+00  0.000E+00  0.000E+00  0.000E+00  0.000E+00  0.000E+00  0.000E+00
  216.2225  0.000E+00  0.000E+00  0.000E+00  0.000E+00  0.000E+00  0.000E+00  0.000E+00  0.000E+00  0.000E+00  0.000E+00  0.000E+00  0.000E+00  0.000E+00  0.000E+00  0.000E+00  0.000E+00  0.000E+00  0.000E+00  0.000E+00
  218.5855  0.000E+00  0.000E+00  0.000E+00  0.000E+00  0.000E+00  0.000E+00  0.000E+00  0.000E+00  0.000E+00  0.000E+00  0.000E+00  0.000E+00  0.000E+00  0.000E+00  0.000E+00  0.000E+00  0.000E+00  0.000E+00  0.000E+00
  221.0010  0.000E+00  0.000E+00  0.000E+00  0.000E+00  0.000E+00  0.000E+00  0.000E+00  0.000E+00  0.000E+00  0.000E+00  0.000E+00  0.000E+00  0.000E+00  0.000E+00  0.000E+00  0.000E+00  0.000E+00  0.000E+00  0.000E+00
  223.4705  0.000E+00  0.000E+00  0.000E+00  0.000E+00  0.000E+00  0.000E+00  0.000E+00  0.000E+00  0.000E+00  0.000E+00  0.000E+00  0.000E+00  0.000E+00  0.000E+00  0.000E+00  0.000E+00  0.000E+00  0.000E+00  0.000E+00
  225.9960  0.000E+00  0.000E+00  0.000E+00  0.000E+00  0.000E+00  0.000E+00  0.000E+00  0.000E+00  0.000E+00  0.000E+00  0.000E+00  0.000E+00  0.000E+00  0.000E+00  0.000E+00  0.000E+00  0.000E+00  0.000E+00  0.000E+00
  228.5790  0.000E+00  0.000E+00  0.000E+00  0.000E+00  0.000E+00  0.000E+00  0.000E+00  0.000E+00  0.000E+00  0.000E+00  0.000E+00  0.000E+00  0.000E+00  0.000E+00  0.000E+00  0.000E+00  0.000E+00  0.000E+00  0.000E+00
  231.2215  0.000E+00  0.000E+00  0.000E+00  0.000E+00  0.000E+00  0.000E+00  0.000E+00  0.000E+00  0.000E+00  0.000E+00  0.000E+00  0.000E+00  0.000E+00  0.000E+00  0.000E+00  0.000E+00  0.000E+00  0.000E+00  0.000E+00
  233.9260  0.000E+00  0.000E+00  0.000E+00  0.000E+00  0.000E+00  0.000E+00  0.000E+00  0.000E+00  0.000E+00  0.000E+00  0.000E+00  0.000E+00  0.000E+00  0.000E+00  0.000E+00  0.000E+00  0.000E+00  0.000E+00  0.000E+00
  236.6945  0.000E+00  0.000E+00  0.000E+00  0.000E+00  0.000E+00  0.000E+00  0.000E+00  0.000E+00  0.000E+00  0.000E+00  0.000E+00  0.000E+00  0.000E+00  0.000E+00  0.000E+00  0.000E+00  0.000E+00  0.000E+00  0.000E+00
  239.5295  0.000E+00  0.000E+00  0.000E+00  0.000E+00  0.000E+00  0.000E+00  0.000E+00  0.000E+00  0.000E+00  0.000E+00  0.000E+00  0.000E+00  0.000E+00  0.000E+00  0.000E+00  0.000E+00  0.000E+00  0.000E+00  0.000E+00
  242.4330  0.000E+00  0.000E+00  0.000E+00  0.000E+00  0.000E+00  0.000E+00  0.000E+00  0.000E+00  0.000E+00  0.000E+00  0.000E+00  0.000E+00  0.000E+00  0.000E+00  0.000E+00  0.000E+00  0.000E+00  0.000E+00  0.000E+00
  245.4080  0.000E+00  0.000E+00  0.000E+00  0.000E+00  0.000E+00  0.000E+00  0.000E+00  0.000E+00  0.000E+00  0.000E+00  0.000E+00  0.000E+00  0.000E+00  0.000E+00  0.000E+00  0.000E+00  0.000E+00  0.000E+00  0.000E+00
  248.4570  0.000E+00  0.000E+00  0.000E+00  0.000E+00  0.000E+00  0.000E+00  0.000E+00  0.000E+00  0.000E+00  0.000E+00  0.000E+00  0.000E+00  0.000E+00  0.000E+00  0.000E+00  0.000E+00  0.000E+00  0.000E+00  0.000E+00
  251.5825  0.000E+00  0.000E+00  0.000E+00  0.000E+00  0.000E+00  0.000E+00  0.000E+00  0.000E+00  0.000E+00  0.000E+00  0.000E+00  0.000E+00  0.000E+00  0.000E+00  0.000E+00  0.000E+00  0.000E+00  0.000E+00  0.000E+00
  254.7875  0.000E+00  0.000E+00  0.000E+00  0.000E+00  0.000E+00  0.000E+00  0.000E+00  0.000E+00  0.000E+00  0.000E+00  0.000E+00  0.000E+00  0.000E+00  0.000E+00  0.000E+00  0.000E+00  0.000E+00  0.000E+00  0.000E+00
  258.0750  0.000E+00  0.000E+00  0.000E+00  0.000E+00  0.000E+00  0.000E+00  0.000E+00  0.000E+00  0.000E+00  0.000E+00  0.000E+00  0.000E+00  0.000E+00  0.000E+00  0.000E+00  0.000E+00  0.000E+00  0.000E+00  0.000E+00
  261.4490  0.000E+00  0.000E+00  0.000E+00  0.000E+00  0.000E+00  0.000E+00  0.000E+00  0.000E+00  0.000E+00  0.000E+00  0.000E+00  0.000E+00  0.000E+00  0.000E+00  0.000E+00  0.000E+00  0.000E+00  0.000E+00  0.000E+00
  264.9125  0.000E+00  0.000E+00  0.000E+00  0.000E+00  0.000E+00  0.000E+00  0.000E+00  0.000E+00  0.000E+00  0.000E+00  0.000E+00  0.000E+00  0.000E+00  0.000E+00  0.000E+00  0.000E+00  0.000E+00  0.000E+00  0.000E+00
  268.4685  0.000E+00  0.000E+00  0.000E+00  0.000E+00  0.000E+00  0.000E+00  0.000E+00  0.000E+00  0.000E+00  0.000E+00  0.000E+00  0.000E+00  0.000E+00  0.000E+00  0.000E+00  0.000E+00  0.000E+00  0.000E+00  0.000E+00
  272.1215  0.000E+00  0.000E+00  0.000E+00  0.000E+00  0.000E+00  0.000E+00  0.000E+00  0.000E+00  0.000E+00  0.000E+00  0.000E+00  0.000E+00  0.000E+00  0.000E+00  0.000E+00  0.000E+00  0.000E+00  0.000E+00  0.000E+00
  275.8755  0.000E+00  0.000E+00  0.000E+00  0.000E+00  0.000E+00  0.000E+00  0.000E+00  0.000E+00  0.000E+00  0.000E+00  0.000E+00  0.000E+00  0.000E+00  0.000E+00  0.000E+00  0.000E+00  0.000E+00  0.000E+00  0.000E+00
  279.7340  0.000E+00  0.000E+00  0.000E+00  0.000E+00  0.000E+00  0.000E+00  0.000E+00  0.000E+00  0.000E+00  0.000E+00  0.000E+00  0.000E+00  0.000E+00  0.000E+00  0.000E+00  0.000E+00  0.000E+00  0.000E+00  0.000E+00
  283.7020  0.000E+00  0.000E+00  0.000E+00  0.000E+00  0.000E+00  0.000E+00  0.000E+00  0.000E+00  0.000E+00  0.000E+00  0.000E+00  0.000E+00  0.000E+00  0.000E+00  0.000E+00  0.000E+00  0.000E+00  0.000E+00  0.000E+00
  287.7845  0.000E+00  0.000E+00  0.000E+00  0.000E+00  0.000E+00  0.000E+00  0.000E+00  0.000E+00  0.000E+00  0.000E+00  0.000E+00  0.000E+00  0.000E+00  0.000E+00  0.000E+00  0.000E+00  0.000E+00  0.000E+00  0.000E+00
  291.9865  3.038E+10  2.940E+10  2.665E+10  2.251E+10  1.762E+10  1.264E+10  8.201E+09  4.692E+09  2.323E+09  9.572E+08  3.143E+08  8.346E+07  2.319E+07  1.058E+07  6.699E+06  4.509E+06  3.005E+06  1.835E+06  7.464E+05
  296.3090  1.089E+12  1.068E+12  1.008E+12  9.132E+11  7.906E+11  6.504E+11  5.041E+11  3.628E+11  2.391E+11  1.410E+11  7.159E+10  3.001E+10  1.002E+10  2.907E+09  1.100E+09  6.246E+08  3.867E+08  2.215E+08  8.626E+07
  300.5000  8.139E+12  8.047E+12  7.774E+12  7.328E+12  6.725E+12  5.985E+12  5.139E+12  4.220E+12  3.284E+12  2.391E+12  1.584E+12  9.261E+11  4.546E+11  1.755E+11  5.208E+10  1.601E+10  7.704E+09  3.978E+09  1.426E+09
  303.0000  2.619E+13  2.598E+13  2.533E+13  2.426E+13  2.279E+13  2.093E+13  1.872E+13  1.625E+13  1.349E+13  1.068E+13  7.892E+12  5.307E+12  3.121E+12  1.508E+12  5.473E+11  1.463E+11  4.584E+10  2.067E+10  6.822E+09
  304.0000  2.981E+13  2.959E+13  2.892E+13  2.781E+13  2.626E+13  2.430E+13  2.195E+13  1.921E+13  1.627E+13  1.315E+13  9.972E+12  6.936E+12  4.264E+12  2.184E+12  8.497E+11  2.338E+11  6.459E+10  2.713E+10  8.692E+09
  305.0000  4.298E+13  4.270E+13  4.185E+13  4.044E+13  3.846E+13  3.593E+13  3.286E+13  2.935E+13  2.525E+13  2.094E+13  1.641E+13  1.191E+13  7.754E+12  4.283E+12  1.836E+12  5.455E+11  1.320E+11  4.816E+10  1.468E+10
  306.0000  4.178E+13  4.153E+13  4.078E+13  3.952E+13  3.776E+13  3.549E+13  3.273E+13  2.946E+13  2.574E+13  2.170E+13  1.737E+13  1.296E+13  8.753E+12  5.081E+12  2.327E+12  7.399E+11  1.702E+11  5.482E+10  1.602E+10
  307.0000  5.576E+13  5.546E+13  5.456E+13  5.306E+13  5.094E+13  4.819E+13  4.481E+13  4.073E+13  3.612E+13  3.099E+13  2.537E+13  1.950E+13  1.369E+13  8.381E+12  4.128E+12  1.431E+12  3.260E+11  8.920E+10  2.454E+10
  308.0000  6.754E+13  6.722E+13  6.625E+13  6.462E+13  6.231E+13  5.930E+13  5.556E+13  5.101E+13  4.580E+13  3.993E+13  3.336E+13  2.634E+13  1.917E+13  1.233E+13  6.501E+12  2.465E+12  5.830E+11  1.360E+11  3.466E+10
  309.0000  7.128E+13  7.096E+13  7.001E+13  6.840E+13  6.611E+13  6.313E+13  5.941E+13  5.481E+13  4.961E+13  4.363E+13  3.689E+13  2.957E+13  2.196E+13  1.452E+13  7.962E+12  3.181E+12  7.824E+11  1.670E+11  4.028E+10
  310.0000  7.258E+13  7.230E+13  7.146E+13  7.004E+13  6.800E+13  6.533E+13  6.196E+13  5.777E+13  5.294E+13  4.733E+13  4.086E+13  3.367E+13  2.594E+13  1.804E+13  1.064E+13  4.721E+12  1.290E+12  2.429E+11  5.110E+10
  311.0000  1.235E+14  1.231E+14  1.218E+14  1.195E+14  1.162E+14  1.120E+14  1.065E+14  9.978E+13  9.192E+13  8.273E+13  7.206E+13  6.007E+13  4.699E+13  3.339E+13  2.030E+13  9.414E+12  2.711E+12  4.934E+11  9.683E+10
  312.0000  1.124E+14  1.120E+14  1.109E+14  1.090E+14  1.063E+14  1.028E+14  9.827E+13  9.254E+13  8.593E+13  7.809E+13  6.886E+13  5.833E+13  4.663E+13  3.413E+13  2.166E+13  1.070E+13  3.357E+12  6.008E+11  1.050E+11
  313.0000  1.279E+14  1.276E+14  1.264E+14  1.245E+14  1.218E+14  1.181E+14  1.134E+14  1.075E+14  1.005E+14  9.216E+13  8.225E+13  7.076E+13  5.776E+13  4.352E+13  2.880E+13  1.517E+13  5.209E+12  9.543E+11  1.475E+11
  314.0000  1.404E+14  1.400E+14  1.388E+14  1.368E+14  1.339E+14  1.301E+14  1.252E+14  1.189E+14  1.115E+14  1.026E+14  9.204E+13  7.970E+13  6.561E+13  5.002E+13  3.367E+13  1.820E+13  6.479E+12  1.205E+12  1.769E+11
  316.0000  1.474E+14  1.471E+14  1.461E+14  1.443E+14  1.418E+14  1.384E+14  1.341E+14  1.284E+14  1.217E+14  1.135E+14  1.036E+14  9.171E+13  7.780E+13  6.184E+13  4.422E+13  2.622E+13  1.080E+13  2.275E+12  2.829E+11
  320.0000  1.928E+14  1.925E+14  1.915E+14  1.897E+14  1.872E+14  1.837E+14  1.792E+14  1.733E+14  1.661E+14  1.572E+14  1.462E+14  1.326E+14  1.163E+14  9.671E+13  7.387E+13  4.849E+13  2.356E+13  6.130E+12  7.058E+11
  325.0000  2.489E+14  2.485E+14  2.476E+14  2.459E+14  2.434E+14  2.400E+14  2.354E+14  2.294E+14  2.219E+14  2.125E+14  2.006E+14  1.856E+14  1.670E+14  1.440E+14  1.159E+14  8.255E+13  4.592E+13  1.476E+13  1.907E+12
  330.0000  3.075E+14  3.072E+14  3.062E+14  3.045E+14  3.020E+14  2.984E+14  2.937E+14  2.873E+14  2.792E+14  2.691E+14  2.559E+14  2.393E+14  2.182E+14  1.917E+14  1.584E+14  1.175E+14  6.989E+13  2.499E+13  3.614E+12
  335.0000  2.902E+14  2.899E+14  2.891E+14  2.877E+14  2.857E+14  2.828E+14  2.789E+14  2.736E+14  2.669E+14  2.582E+14  2.470E+14  2.326E+14  2.141E+14  1.905E+14  1.603E+14  1.223E+14  7.613E+13  2.925E+13  4.599E+12
  340.0000  3.113E+14  3.111E+14  3.103E+14  3.090E+14  3.071E+14  3.043E+14  3.005E+14  2.953E+14  2.887E+14  2.801E+14  2.688E+14  2.543E+14  2.354E+14  2.111E+14  1.797E+14  1.393E+14  8.910E+13  3.552E+13  5.709E+12
  345.0000  3.028E+14  3.026E+14  3.020E+14  3.008E+14  2.991E+14  2.966E+14  2.933E+14  2.886E+14  2.826E+14  2.748E+14  2.644E+14  2.509E+14  2.334E+14  2.106E+14  1.808E+14  1.419E+14  9.252E+13  3.782E+13  6.056E+12
  350.0000  3.123E+14  3.121E+14  3.114E+14  3.104E+14  3.087E+14  3.064E+14  3.031E+14  2.986E+14  2.927E+14  2.850E+14  2.748E+14  2.615E+14  2.440E+14  2.211E+14  1.909E+14  1.512E+14  9.986E+13  4.139E+13  6.419E+12
  355.0000  3.261E+14  3.259E+14  3.253E+14  3.243E+14  3.227E+14  3.204E+14  3.173E+14  3.129E+14  3.071E+14  2.995E+14  2.894E+14  2.760E+14  2.584E+14  2.352E+14  2.044E+14  1.634E+14  1.095E+14  4.628E+13  7.017E+12
  360.0000  2.947E+14  2.945E+14  2.941E+14  2.932E+14  2.919E+14  2.900E+14  2.873E+14  2.836E+14  2.787E+14  2.722E+14  2.634E+14  2.519E+14  2.365E+14  2.162E+14  1.889E+14  1.523E+14  1.035E+14  4.449E+13  6.563E+12
  365.0000  3.707E+14  3.706E+14  3.700E+14  3.690E+14  3.675E+14  3.653E+14  3.622E+14  3.577E+14  3.519E+14  3.441E+14  3.336E+14  3.196E+14  3.010E+14  2.761E+14  2.427E+14  1.972E+14  1.356E+14  5.937E+13  8.517E+12
  370.0000  3.817E+14  3.815E+14  3.810E+14  3.801E+14  3.786E+14  3.765E+14  3.735E+14  3.692E+14  3.635E+14  3.559E+14  3.456E+14  3.317E+14  3.132E+14  2.884E+14  2.547E+14  2.085E+14  1.451E+14  6.469E+13  9.021E+12
  375.0000  3.417E+14  3.416E+14  3.412E+14  3.404E+14  3.392E+14  3.374E+14  3.349E+14  3.313E+14  3.265E+14  3.200E+14  3.112E+14  2.993E+14  2.832E+14  2.616E+14  2.321E+14  1.914E+14  1.348E+14  6.117E+13  8.297E+12
  380.0000  3.897E+14  3.896E+14  3.891E+14  3.883E+14  3.871E+14  3.852E+14  3.825E+14  3.786E+14  3.734E+14  3.664E+14  3.567E+14  3.437E+14  3.260E+14  3.021E+14  2.692E+14  2.235E+14  1.591E+14  7.356E+13  9.720E+12
  385.0000  2.917E+14  2.916E+14  2.913E+14  2.908E+14  2.899E+14  2.886E+14  2.867E+14  2.840E+14  2.803E+14  2.753E+14  2.683E+14  2.589E+14  2.462E+14  2.287E+14  2.047E+14  1.710E+14  1.231E+14  5.796E+13  7.476E+12
  390.0000  3.785E+14  3.784E+14  3.780E+14  3.774E+14  3.763E+14  3.747E+14  3.725E+14  3.691E+14  3.645E+14  3.583E+14  3.497E+14  3.380E+14  3.220E+14  3.001E+14  2.696E+14  2.266E+14  1.648E+14  7.903E+13  9.971E+12
  395.0000  2.919E+14  2.919E+14  2.916E+14  2.911E+14  2.904E+14  2.893E+14  2.876E+14  2.852E+14  2.818E+14  2.773E+14  2.709E+14  2.622E+14  2.503E+14  2.338E+14  2.109E+14  1.783E+14  1.309E+14  6.395E+13  7.913E+12
  400.0000  5.393E+14  5.391E+14  5.387E+14  5.379E+14  5.367E+14  5.347E+14  5.319E+14  5.276E+14  5.217E+14  5.137E+14  5.024E+14  4.869E+14  4.656E+14  4.361E+14  3.948E+14  3.357E+14  2.488E+14  1.237E+14  1.506E+13
  405.0000  5.474E+14  5.473E+14  5.469E+14  5.462E+14  5.450E+14  5.432E+14  5.405E+14  5.363E+14  5.307E+14  5.229E+14  5.119E+14  4.967E+14  4.758E+14  4.467E+14  4.058E+14  3.468E+14  2.594E+14  1.313E+14  1.576E+13
  410.0000  5.624E+14  5.623E+14  5.619E+14  5.613E+14  5.601E+14  5.584E+14  5.557E+14  5.517E+14  5.462E+14  5.385E+14  5.277E+14  5.126E+14  4.918E+14  4.628E+14  4.218E+14  3.623E+14  2.734E+14  1.408E+14  1.671E+13
  415.0000  5.842E+14  5.841E+14  5.837E+14  5.831E+14  5.820E+14  5.803E+14  5.777E+14  5.737E+14  5.683E+14  5.606E+14  5.498E+14  5.347E+14  5.138E+14  4.845E+14  4.430E+14  3.823E+14  2.909E+14  1.524E+14  1.796E+13
  420.0000  5.881E+14  5.880E+14  5.876E+14  5.870E+14  5.860E+14  5.844E+14  5.820E+14  5.782E+14  5.729E+14  5.656E+14  5.551E+14  5.404E+14  5.200E+14  4.914E+14  4.505E+14  3.907E+14  2.997E+14  1.596E+14  1.873E+13
  425.0000  5.602E+14  5.601E+14  5.598E+14  5.593E+14  5.584E+14  5.569E+14  5.547E+14  5.513E+14  5.465E+14  5.398E+14  5.302E+14  5.167E+14  4.978E+14  4.713E+14  4.333E+14  3.773E+14  2.916E+14  1.577E+14  1.848E+13
  430.0000  5.159E+14  5.159E+14  5.156E+14  5.152E+14  5.144E+14  5.132E+14  5.112E+14  5.082E+14  5.040E+14  4.981E+14  4.895E+14  4.775E+14  4.607E+14  4.369E+14  4.028E+14  3.522E+14  2.742E+14  1.507E+14  1.771E+13
  435.0000  5.982E+14  5.981E+14  5.979E+14  5.974E+14  5.966E+14  5.952E+14  5.931E+14  5.898E+14  5.851E+14  5.785E+14  5.689E+14  5.554E+14  5.365E+14  5.097E+14  4.710E+14  4.135E+14  3.242E+14  1.808E+14  2.137E+13
  440.0000  6.148E+14  6.148E+14  6.145E+14  6.141E+14  6.133E+14  6.119E+14  6.099E+14  6.066E+14  6.020E+14  5.954E+14  5.859E+14  5.725E+14  5.536E+14  5.267E+14  4.878E+14  4.298E+14  3.391E+14  1.917E+14  2.281E+13
  445.0000  6.601E+14  6.600E+14  6.598E+14  6.593E+14  6.585E+14  6.572E+14  6.551E+14  6.517E+14  6.469E+14  6.401E+14  6.302E+14  6.163E+14  5.965E+14  5.684E+14  5.276E+14  4.665E+14  3.704E+14  2.123E+14  2.553E+13
  450.0000  7.021E+14  7.020E+14  7.018E+14  7.013E+14  7.005E+14  6.991E+14  6.970E+14  6.936E+14  6.887E+14  6.817E+14  6.716E+14  6.571E+14  6.367E+14  6.076E+14  5.652E+14  5.015E+14  4.006E+14  2.327E+14  2.839E+13
  455.0000  6.873E+14  6.873E+14  6.871E+14  6.866E+14  6.859E+14  6.846E+14  6.826E+14  6.794E+14  6.747E+14  6.682E+14  6.585E+14  6.448E+14  6.254E+14  5.976E+14  5.570E+14  4.957E+14  3.982E+14  2.343E+14  2.905E+13
  460.0000  7.075E+14  7.074E+14  7.072E+14  7.068E+14  7.060E+14  7.047E+14  7.027E+14  6.995E+14  6.948E+14  6.882E+14  6.785E+14  6.647E+14  6.451E+14  6.170E+14  5.759E+14  5.138E+14  4.144E+14  2.461E+14  3.083E+13
  465.0000  7.003E+14  7.002E+14  7.000E+14  6.996E+14  6.989E+14  6.977E+14  6.958E+14  6.927E+14  6.883E+14  6.819E+14  6.726E+14  6.593E+14  6.404E+14  6.133E+14  5.736E+14  5.132E+14  4.163E+14  2.503E+14  3.207E+13
  470.0000  6.974E+14  6.973E+14  6.971E+14  6.967E+14  6.961E+14  6.949E+14  6.931E+14  6.901E+14  6.858E+14  6.797E+14  6.707E+14  6.578E+14  6.394E+14  6.130E+14  5.743E+14  5.153E+14  4.200E+14  2.553E+14  3.344E+13
  475.0000  7.066E+14  7.065E+14  7.063E+14  7.060E+14  7.053E+14  7.042E+14  7.023E+14  6.994E+14  6.952E+14  6.891E+14  6.802E+14  6.675E+14  6.493E+14  6.231E+14  5.845E+14  5.257E+14  4.303E+14  2.642E+14  3.536E+13
  480.0000  7.274E+14  7.273E+14  7.271E+14  7.267E+14  7.260E+14  7.248E+14  7.229E+14  7.199E+14  7.156E+14  7.094E+14  7.003E+14  6.873E+14  6.687E+14  6.420E+14  6.026E+14  5.425E+14  4.449E+14  2.742E+14  3.702E+13
  485.0000  6.620E+14  6.620E+14  6.618E+14  6.614E+14  6.608E+14  6.597E+14  6.581E+14  6.554E+14  6.515E+14  6.460E+14  6.379E+14  6.263E+14  6.098E+14  5.859E+14  5.507E+14  4.968E+14  4.090E+14  2.544E+14  3.518E+13
  490.0000  6.912E+14  6.912E+14  6.910E+14  6.906E+14  6.900E+14  6.889E+14  6.872E+14  6.845E+14  6.806E+14  6.750E+14  6.668E+14  6.550E+14  6.381E+14  6.137E+14  5.778E+14  5.225E+14  4.321E+14  2.717E+14  3.871E+13
  495.0000  7.058E+14  7.057E+14  7.055E+14  7.052E+14  7.045E+14  7.034E+14  7.017E+14  6.990E+14  6.951E+14  6.894E+14  6.812E+14  6.693E+14  6.524E+14  6.279E+14  5.918E+14  5.362E+14  4.449E+14  2.819E+14  4.112E+13
  500.0000  6.741E+14  6.741E+14  6.739E+14  6.735E+14  6.729E+14  6.718E+14  6.702E+14  6.675E+14  6.637E+14  6.584E+14  6.505E+14  6.392E+14  6.231E+14  5.998E+14  5.654E+14  5.125E+14  4.255E+14  2.701E+14  3.983E+13
  505.0000  6.858E+14  6.857E+14  6.855E+14  6.851E+14  6.844E+14  6.833E+14  6.815E+14  6.787E+14  6.748E+14  6.692E+14  6.611E+14  6.496E+14  6.331E+14  6.093E+14  5.742E+14  5.203E+14  4.316E+14  2.736E+14  4.052E+13
  510.0000  6.824E+14  6.823E+14  6.821E+14  6.817E+14  6.810E+14  6.799E+14  6.782E+14  6.755E+14  6.717E+14  6.663E+14  6.584E+14  6.471E+14  6.311E+14  6.079E+14  5.737E+14  5.209E+14  4.340E+14  2.777E+14  4.248E+13
  515.0000  6.346E+14  6.346E+14  6.343E+14  6.340E+14  6.333E+14  6.323E+14  6.307E+14  6.282E+14  6.247E+14  6.198E+14  6.125E+14  6.022E+14  5.875E+14  5.663E+14  5.349E+14  4.864E+14  4.064E+14  2.619E+14  4.112E+13
  520.0000  6.543E+14  6.542E+14  6.540E+14  6.536E+14  6.529E+14  6.518E+14  6.501E+14  6.476E+14  6.440E+14  6.388E+14  6.314E+14  6.209E+14  6.058E+14  5.841E+14  5.520E+14  5.024E+14  4.203E+14  2.718E+14  4.352E+13
  525.0000  6.578E+14  6.577E+14  6.575E+14  6.570E+14  6.563E+14  6.552E+14  6.534E+14  6.508E+14  6.470E+14  6.418E+14  6.343E+14  6.236E+14  6.083E+14  5.864E+14  5.540E+14  5.040E+14  4.213E+14  2.721E+14  4.389E+13
  530.0000  6.940E+14  6.939E+14  6.936E+14  6.931E+14  6.923E+14  6.910E+14  6.890E+14  6.861E+14  6.820E+14  6.763E+14  6.682E+14  6.567E+14  6.403E+14  6.169E+14  5.823E+14  5.290E+14  4.412E+14  2.835E+14  4.569E+13
  535.0000  6.746E+14  6.745E+14  6.742E+14  6.737E+14  6.728E+14  6.715E+14  6.696E+14  6.667E+14  6.627E+14  6.572E+14  6.493E+14  6.381E+14  6.222E+14  5.995E+14  5.660E+14  5.144E+14  4.293E+14  2.763E+14  4.527E+13
  540.0000  6.778E+14  6.777E+14  6.774E+14  6.769E+14  6.760E+14  6.747E+14  6.728E+14  6.699E+14  6.659E+14  6.604E+14  6.525E+14  6.413E+14  6.256E+14  6.030E+14  5.697E+14  5.184E+14  4.336E+14  2.806E+14  4.715E+13
  545.0000  6.899E+14  6.898E+14  6.895E+14  6.889E+14  6.880E+14  6.866E+14  6.846E+14  6.816E+14  6.775E+14  6.718E+14  6.637E+14  6.523E+14  6.363E+14  6.132E+14  5.794E+14  5.272E+14  4.409E+14  2.854E+14  4.861E+13
  550.0000  6.944E+14  6.943E+14  6.940E+14  6.934E+14  6.924E+14  6.910E+14  6.889E+14  6.858E+14  6.817E+14  6.759E+14  6.678E+14  6.563E+14  6.402E+14  6.171E+14  5.831E+14  5.307E+14  4.442E+14  2.881E+14  4.991E+13
  555.0000  6.908E+14  6.906E+14  6.903E+14  6.897E+14  6.887E+14  6.872E+14  6.851E+14  6.821E+14  6.779E+14  6.722E+14  6.641E+14  6.527E+14  6.367E+14  6.139E+14  5.803E+14  5.284E+14  4.428E+14  2.880E+14  5.113E+13
  560.0000  6.751E+14  6.750E+14  6.746E+14  6.740E+14  6.730E+14  6.715E+14  6.693E+14  6.662E+14  6.620E+14  6.563E+14  6.482E+14  6.369E+14  6.210E+14  5.984E+14  5.652E+14  5.142E+14  4.299E+14  2.784E+14  4.954E+13
  565.0000  6.779E+14  6.778E+14  6.774E+14  6.767E+14  6.756E+14  6.740E+14  6.718E+14  6.685E+14  6.641E+14  6.582E+14  6.499E+14  6.383E+14  6.221E+14  5.991E+14  5.654E+14  5.136E+14  4.283E+14  2.759E+14  4.909E+13
  570.0000  6.764E+14  6.762E+14  6.758E+14  6.751E+14  6.739E+14  6.723E+14  6.700E+14  6.666E+14  6.622E+14  6.562E+14  6.477E+14  6.361E+14  6.199E+14  5.968E+14  5.629E+14  5.111E+14  4.258E+14  2.738E+14  4.913E+13
  575.0000  6.907E+14  6.906E+14  6.901E+14  6.893E+14  6.882E+14  6.865E+14  6.840E+14  6.806E+14  6.760E+14  6.699E+14  6.613E+14  6.494E+14  6.328E+14  6.093E+14  5.748E+14  5.221E+14  4.352E+14  2.803E+14  5.117E+13
  580.0000  6.833E+14  6.832E+14  6.828E+14  6.820E+14  6.809E+14  6.792E+14  6.769E+14  6.735E+14  6.691E+14  6.631E+14  6.548E+14  6.433E+14  6.273E+14  6.045E+14  5.711E+14  5.198E+14  4.352E+14  2.831E+14  5.356E+13
  585.0000  6.877E+14  6.876E+14  6.872E+14  6.864E+14  6.853E+14  6.836E+14  6.813E+14  6.780E+14  6.737E+14  6.678E+14  6.596E+14  6.483E+14  6.325E+14  6.101E+14  5.772E+14  5.266E+14  4.428E+14  2.911E+14  5.709E+13
  590.0000  6.669E+14  6.668E+14  6.664E+14  6.656E+14  6.645E+14  6.629E+14  6.607E+14  6.575E+14  6.534E+14  6.477E+14  6.398E+14  6.290E+14  6.138E+14  5.923E+14  5.607E+14  5.121E+14  4.316E+14  2.852E+14  5.731E+13
  595.0000  6.828E+14  6.826E+14  6.822E+14  6.814E+14  6.802E+14  6.785E+14  6.762E+14  6.728E+14  6.684E+14  6.625E+14  6.543E+14  6.431E+14  6.274E+14  6.052E+14  5.726E+14  5.226E+14  4.398E+14  2.898E+14  5.855E+13
  600.0000  6.685E+14  6.684E+14  6.679E+14  6.671E+14  6.658E+14  6.641E+14  6.617E+14  6.583E+14  6.539E+14  6.479E+14  6.397E+14  6.285E+14  6.129E+14  5.908E+14  5.585E+14  5.090E+14  4.273E+14  2.800E+14  5.652E+13
  605.0000  6.797E+14  6.795E+14  6.790E+14  6.782E+14  6.769E+14  6.751E+14  6.727E+14  6.692E+14  6.647E+14  6.587E+14  6.504E+14  6.390E+14  6.233E+14  6.010E+14  5.684E+14  5.185E+14  4.359E+14  2.868E+14  5.910E+13
  610.0000  6.755E+14  6.754E+14  6.749E+14  6.742E+14  6.729E+14  6.712E+14  6.689E+14  6.655E+14  6.613E+14  6.555E+14  6.475E+14  6.366E+14  6.215E+14  6.000E+14  5.687E+14  5.204E+14  4.402E+14  2.939E+14  6.327E+13
  615.0000  6.641E+14  6.640E+14  6.635E+14  6.628E+14  6.617E+14  6.601E+14  6.578E+14  6.547E+14  6.507E+14  6.452E+14  6.377E+14  6.274E+14  6.131E+14  5.928E+14  5.630E+14  5.171E+14  4.403E+14  2.986E+14  6.737E+13
  620.0000  6.782E+14  6.780E+14  6.776E+14  6.769E+14  6.758E+14  6.742E+14  6.720E+14  6.689E+14  6.649E+14  6.596E+14  6.522E+14  6.420E+14  6.278E+14  6.078E+14  5.783E+14  5.326E+14  4.562E+14  3.134E+14  7.363E+13
  625.0000  6.678E+14  6.677E+14  6.673E+14  6.666E+14  6.655E+14  6.640E+14  6.619E+14  6.590E+14  6.551E+14  6.500E+14  6.429E+14  6.332E+14  6.196E+14  6.004E+14  5.721E+14  5.282E+14  4.544E+14  3.156E+14  7.678E+13
  630.0000  6.730E+14  6.729E+14  6.725E+14  6.718E+14  6.707E+14  6.693E+14  6.672E+14  6.644E+14  6.606E+14  6.556E+14  6.487E+14  6.391E+14  6.259E+14  6.071E+14  5.793E+14  5.363E+14  4.636E+14  3.257E+14  8.213E+13
  635.0000  6.727E+14  6.726E+14  6.722E+14  6.715E+14  6.705E+14  6.691E+14  6.671E+14  6.643E+14  6.607E+14  6.559E+14  6.492E+14  6.400E+14  6.272E+14  6.089E+14  5.821E+14  5.403E+14  4.695E+14  3.338E+14  8.734E+13
  640.0000  6.693E+14  6.692E+14  6.688E+14  6.682E+14  6.672E+14  6.658E+14  6.640E+14  6.613E+14  6.578E+14  6.532E+14  6.468E+14  6.379E+14  6.256E+14  6.081E+14  5.822E+14  5.419E+14  4.733E+14  3.406E+14  9.249E+13
  644.8000  6.696E+14  6.695E+14  6.691E+14  6.685E+14  6.676E+14  6.662E+14  6.644E+14  6.618E+14  6.585E+14  6.540E+14  6.478E+14  6.392E+14  6.273E+14  6.103E+14  5.852E+14  5.459E+14  4.790E+14  3.484E+14  9.776E+13
  651.0500  6.664E+14  6.663E+14  6.659E+14  6.653E+14  6.644E+14  6.631E+14  6.613E+14  6.589E+14  6.556E+14  6.513E+14  6.453E+14  6.371E+14  6.256E+14  6.093E+14  5.851E+14  5.473E+14  4.825E+14  3.550E+14  1.034E+14
  660.0000  6.394E+14  6.393E+14  6.390E+14  6.384E+14  6.376E+14  6.364E+14  6.348E+14  6.325E+14  6.296E+14  6.256E+14  6.202E+14  6.127E+14  6.022E+14  5.873E+14  5.652E+14  5.306E+14  4.710E+14  3.522E+14  1.081E+14
  670.0000  6.646E+14  6.645E+14  6.642E+14  6.636E+14  6.628E+14  6.616E+14  6.600E+14  6.578E+14  6.549E+14  6.510E+14  6.457E+14  6.383E+14  6.281E+14  6.134E+14  5.918E+14  5.577E+14  4.988E+14  3.797E+14  1.232E+14
  680.0000  6.606E+14  6.605E+14  6.602E+14  6.596E+14  6.589E+14  6.577E+14  6.562E+14  6.541E+14  6.513E+14  6.477E+14  6.426E+14  6.357E+14  6.260E+14  6.122E+14  5.918E+14  5.596E+14  5.037E+14  3.892E+14  1.328E+14
  690.0000  6.589E+14  6.588E+14  6.585E+14  6.580E+14  6.572E+14  6.561E+14  6.546E+14  6.526E+14  6.500E+14  6.464E+14  6.416E+14  6.350E+14  6.258E+14  6.126E+14  5.931E+14  5.624E+14  5.090E+14  3.984E+14  1.419E+14
  700.0000  6.553E+14  6.552E+14  6.549E+14  6.544E+14  6.536E+14  6.526E+14  6.512E+14  6.492E+14  6.467E+14  6.433E+14  6.387E+14  6.324E+14  6.237E+14  6.112E+14  5.927E+14  5.636E+14  5.128E+14  4.065E+14  1.510E+14
  710.0000  6.474E+14  6.473E+14  6.470E+14  6.464E+14  6.457E+14  6.447E+14  6.433E+14  6.414E+14  6.389E+14  6.356E+14  6.312E+14  6.252E+14  6.168E+14  6.049E+14  5.873E+14  5.596E+14  5.110E+14  4.088E+14  1.571E+14
  720.0000  6.332E+14  6.331E+14  6.328E+14  6.323E+14  6.316E+14  6.306E+14  6.292E+14  6.274E+14  6.250E+14  6.219E+14  6.176E+14  6.119E+14  6.039E+14  5.926E+14  5.760E+14  5.497E+14  5.036E+14  4.062E+14  1.610E+14
  730.0000  6.257E+14  6.256E+14  6.253E+14  6.247E+14  6.241E+14  6.230E+14  6.217E+14  6.199E+14  6.176E+14  6.146E+14  6.105E+14  6.050E+14  5.974E+14  5.866E+14  5.707E+14  5.457E+14  5.018E+14  4.082E+14  1.669E+14
------------------------------------------------------------
Photolysis rate coefficients, s-1
   1 = O3 -> O2 + O(1D)                                  
   2 = NO2 -> NO + O(3P)                                 
   3 = HNO2 -> OH + NO                                   
   4 = HNO3 -> OH + NO2                                  
   5 = Cl2 -> Cl + Cl                                    
   6 = ClOO -> Products                                  
   7 = OClO -> Products                                  
   8 = ClOOCl -> Cl + ClOO                               
   9 = ClNO2 -> Cl + NO2                                 
  10 = Br2 -> Br + Br                                    
  11 = BrO -> Br + O                                     
  12 = HOBr -> OH + Br                                   
  13 = BrNO -> Br + NO                                   
  14 = BrONO -> Br + NO2                                 
  15 = BrONO -> BrO + NO                                 
  16 = BrNO2 -> Br + NO2                                 
  17 = BrONO2 -> BrO + NO2                               
  18 = BrONO2 -> Br + NO3                                
  19 = BrCl -> Br + Cl                                   
values at z =      8.000 km
Columns: sza, photo-reactions
 sza, deg.          1          2          3          4          5          6          7          8          9         10         11         12         13         14         15         16         17         18         19
    0.0000  6.865E-05  1.429E-02  2.531E-03  1.084E-06  4.068E-03  0.000E+00  1.331E-01  3.114E-03  8.957E-04  4.324E-02  6.809E-02  3.539E-03  3.164E-02  2.145E-02  2.145E-02  7.257E-03  3.426E-04  1.941E-03  1.563E-02
    5.0000  6.819E-05  1.428E-02  2.530E-03  1.079E-06  4.064E-03  0.000E+00  1.330E-01  3.109E-03  8.943E-04  4.323E-02  6.802E-02  3.537E-03  3.163E-02  2.143E-02  2.143E-02  7.253E-03  3.423E-04  1.939E-03  1.562E-02
   10.0000  6.682E-05  1.426E-02  2.525E-03  1.065E-06  4.053E-03  0.000E+00  1.327E-01  3.096E-03  8.904E-04  4.321E-02  6.779E-02  3.529E-03  3.160E-02  2.134E-02  2.134E-02  7.243E-03  3.414E-04  1.934E-03  1.561E-02
   15.0000  6.455E-05  1.422E-02  2.516E-03  1.042E-06  4.032E-03  0.000E+00  1.323E-01  3.072E-03  8.836E-04  4.317E-02  6.739E-02  3.516E-03  3.155E-02  2.119E-02  2.119E-02  7.223E-03  3.398E-04  1.926E-03  1.558E-02
   20.0000  6.142E-05  1.415E-02  2.503E-03  1.010E-06  4.002E-03  0.000E+00  1.316E-01  3.038E-03  8.737E-04  4.310E-02  6.681E-02  3.497E-03  3.148E-02  2.097E-02  2.097E-02  7.193E-03  3.375E-04  1.913E-03  1.554E-02
   25.0000  5.748E-05  1.406E-02  2.484E-03  9.682E-07  3.960E-03  0.000E+00  1.307E-01  2.993E-03  8.603E-04  4.300E-02  6.600E-02  3.469E-03  3.136E-02  2.068E-02  2.068E-02  7.151E-03  3.343E-04  1.894E-03  1.547E-02
   30.0000  5.280E-05  1.392E-02  2.458E-03  9.173E-07  3.904E-03  0.000E+00  1.294E-01  2.933E-03  8.428E-04  4.284E-02  6.492E-02  3.431E-03  3.120E-02  2.029E-02  2.029E-02  7.091E-03  3.300E-04  1.870E-03  1.538E-02
   35.0000  4.742E-05  1.374E-02  2.422E-03  8.563E-07  3.829E-03  0.000E+00  1.276E-01  2.856E-03  8.201E-04  4.260E-02  6.349E-02  3.380E-03  3.097E-02  1.977E-02  1.977E-02  7.007E-03  3.243E-04  1.838E-03  1.524E-02
   40.0000  4.154E-05  1.350E-02  2.375E-03  7.872E-07  3.734E-03  0.000E+00  1.253E-01  2.762E-03  7.924E-04  4.226E-02  6.169E-02  3.316E-03  3.067E-02  1.914E-02  1.914E-02  6.898E-03  3.172E-04  1.797E-03  1.506E-02
   45.0000  3.534E-05  1.319E-02  2.315E-03  7.102E-07  3.614E-03  0.000E+00  1.223E-01  2.647E-03  7.585E-04  4.178E-02  5.944E-02  3.232E-03  3.026E-02  1.836E-02  1.836E-02  6.755E-03  3.081E-04  1.746E-03  1.482E-02
   50.0000  2.889E-05  1.277E-02  2.234E-03  6.244E-07  3.460E-03  0.000E+00  1.182E-01  2.505E-03  7.164E-04  4.110E-02  5.655E-02  3.124E-03  2.969E-02  1.738E-02  1.738E-02  6.563E-03  2.965E-04  1.680E-03  1.448E-02
   55.0000  2.249E-05  1.222E-02  2.128E-03  5.317E-07  3.263E-03  0.000E+00  1.130E-01  2.331E-03  6.649E-04  4.015E-02  5.293E-02  2.984E-03  2.893E-02  1.617E-02  1.617E-02  6.309E-03  2.817E-04  1.596E-03  1.401E-02
   60.0000  1.641E-05  1.149E-02  1.990E-03  4.338E-07  3.015E-03  0.000E+00  1.061E-01  2.120E-03  6.023E-04  3.881E-02  4.839E-02  2.803E-03  2.790E-02  1.467E-02  1.467E-02  5.974E-03  2.629E-04  1.490E-03  1.339E-02
   65.0000  1.097E-05  1.054E-02  1.809E-03  3.333E-07  2.701E-03  0.000E+00  9.714E-02  1.863E-03  5.264E-04  3.693E-02  4.271E-02  2.569E-03  2.648E-02  1.284E-02  1.284E-02  5.527E-03  2.391E-04  1.355E-03  1.253E-02
   70.0000  6.496E-06  9.263E-03  1.572E-03  2.343E-07  2.303E-03  0.000E+00  8.525E-02  1.552E-03  4.349E-04  3.422E-02  3.565E-02  2.264E-03  2.450E-02  1.061E-02  1.061E-02  4.927E-03  2.085E-04  1.182E-03  1.135E-02
   75.0000  3.250E-06  7.554E-03  1.258E-03  1.426E-07  1.801E-03  0.000E+00  6.942E-02  1.179E-03  3.261E-04  3.021E-02  2.696E-02  1.861E-03  2.164E-02  7.922E-03  7.922E-03  4.106E-03  1.691E-04  9.585E-04  9.680E-03
   80.0000  1.284E-06  5.257E-03  8.476E-04  6.721E-08  1.182E-03  0.000E+00  4.834E-02  7.453E-04  2.016E-04  2.398E-02  1.673E-02  1.327E-03  1.732E-02  4.836E-03  4.836E-03  2.970E-03  1.183E-04  6.703E-04  7.262E-03
   85.0000  3.551E-07  2.382E-03  3.643E-04  1.941E-08  5.011E-04  0.000E+00  2.217E-02  3.006E-04  7.861E-05  1.389E-02  6.460E-03  6.490E-04  1.049E-02  1.833E-03  1.833E-03  1.452E-03  5.610E-05  3.179E-04  3.801E-03
   90.0000  5.885E-08  3.211E-04  5.236E-05  2.732E-09  7.131E-05  0.000E+00  2.977E-03  4.311E-05  1.146E-05  1.864E-03  9.711E-04  8.772E-05  1.853E-03  2.774E-04  2.774E-04  1.853E-04  7.471E-06  4.234E-05  4.962E-04
------------------------------------------------------------
