Spectral actinic flux, quanta cm-2 s-1 nm-1
values at z =     14.000 km
Columns: wavelength (nm), solar zenith angles (deg.)
    wc, nm      0.000      5.000     10.000     15.000     20.000     25.000     30.000     35.000     40.000     45.000     50.000     55.000     60.000     65.000     70.000     75.000     80.000     85.000     90.000
  120.7000  0.000E+00  0.000E+00  0.000E+00  0.000E+00  0.000E+00  0.000E+00  0.000E+00  0.000E+00  0.000E+00  0.000E+00  0.000E+00  0.000E+00  0.000E+00  0.000E+00  0.000E+00  0.000E+00  0.000E+00  0.000E+00  0.000E+00
  121.6500  0.000E+00  0.000E+00  0.000E+00  0.000E+00  0.000E+00  0.000E+00  0.000E+00  0.000E+00  0.000E+00  0.000E+00  0.000E+00  0.000E+00  0.000E+00  0.000E+00  0.000E+00  0.000E+00  0.000E+00  0.000E+00  0.000E+00
  122.1000  0.000E+00  0.000E+00  0.000E+00  0.000E+00  0.000E+00  0.000E+00  0.000E+00  0.000E+00  0.000E+00  0.000E+00  0.000E+00  0.000E+00  0.000E+00  0.000E+00  0.000E+00  0.000E+00  0.000E+00  0.000E+00  0.000E+00
  122.7000  0.000E+00  0.000E+00  0.000E+00  0.000E+00  0.000E+00  0.000E+00  0.000E+00  0.000E+00  0.000E+00  0.000E+00  0.000E+00  0.000E+00  0.000E+00  0.000E+00  0.000E+00  0.000E+00  0.000E+00  0.000E+00  0.000E+00
  123.4500  0.000E+00  0.000E+00  0.000E+00  0.000E+00  0.000E+00  0.000E+00  0.000E+00  0.000E+00  0.000E+00  0.000E+00  0.000E+00  0.000E+00  0.000E+00  0.000E+00  0.000E+00  0.000E+00  0.000E+00  0.000E+00  0.000E+00
  124.2000  0.000E+00  0.000E+00  0.000E+00  0.000E+00  0.000E+00  0.000E+00  0.000E+00  0.000E+00  0.000E+00  0.000E+00  0.000E+00  0.000E+00  0.000E+00  0.000E+00  0.000E+00  0.000E+00  0.000E+00  0.000E+00  0.000E+00
  125.0000  0.000E+00  0.000E+00  0.000E+00  0.000E+00  0.000E+00  0.000E+00  0.000E+00  0.000E+00  0.000E+00  0.000E+00  0.000E+00  0.000E+00  0.000E+00  0.000E+00  0.000E+00  0.000E+00  0.000E+00  0.000E+00  0.000E+00
  125.8000  0.000E+00  0.000E+00  0.000E+00  0.000E+00  0.000E+00  0.000E+00  0.000E+00  0.000E+00  0.000E+00  0.000E+00  0.000E+00  0.000E+00  0.000E+00  0.000E+00  0.000E+00  0.000E+00  0.000E+00  0.000E+00  0.000E+00
  126.6000  0.000E+00  0.000E+00  0.000E+00  0.000E+00  0.000E+00  0.000E+00  0.000E+00  0.000E+00  0.000E+00  0.000E+00  0.000E+00  0.000E+00  0.000E+00  0.000E+00  0.000E+00  0.000E+00  0.000E+00  0.000E+00  0.000E+00
  127.8000  0.000E+00  0.000E+00  0.000E+00  0.000E+00  0.000E+00  0.000E+00  0.000E+00  0.000E+00  0.000E+00  0.000E+00  0.000E+00  0.000E+00  0.000E+00  0.000E+00  0.000E+00  0.000E+00  0.000E+00  0.000E+00  0.000E+00
  129.0000  0.000E+00  0.000E+00  0.000E+00  0.000E+00  0.000E+00  0.000E+00  0.000E+00  0.000E+00  0.000E+00  0.000E+00  0.000E+00  0.000E+00  0.000E+00  0.000E+00  0.000E+00  0.000E+00  0.000E+00  0.000E+00  0.000E+00
  129.8500  0.000E+00  0.000E+00  0.000E+00  0.000E+00  0.000E+00  0.000E+00  0.000E+00  0.000E+00  0.000E+00  0.000E+00  0.000E+00  0.000E+00  0.000E+00  0.000E+00  0.000E+00  0.000E+00  0.000E+00  0.000E+00  0.000E+00
  131.1500  0.000E+00  0.000E+00  0.000E+00  0.000E+00  0.000E+00  0.000E+00  0.000E+00  0.000E+00  0.000E+00  0.000E+00  0.000E+00  0.000E+00  0.000E+00  0.000E+00  0.000E+00  0.000E+00  0.000E+00  0.000E+00  0.000E+00
  133.5000  0.000E+00  0.000E+00  0.000E+00  0.000E+00  0.000E+00  0.000E+00  0.000E+00  0.000E+00  0.000E+00  0.000E+00  0.000E+00  0.000E+00  0.000E+00  0.000E+00  0.000E+00  0.000E+00  0.000E+00  0.000E+00  0.000E+00
  136.0000  0.000E+00  0.000E+00  0.000E+00  0.000E+00  0.000E+00  0.000E+00  0.000E+00  0.000E+00  0.000E+00  0.000E+00  0.000E+00  0.000E+00  0.000E+00  0.000E+00  0.000E+00  0.000E+00  0.000E+00  0.000E+00  0.000E+00
  141.0000  0.000E+00  0.000E+00  0.000E+00  0.000E+00  0.000E+00  0.000E+00  0.000E+00  0.000E+00  0.000E+00  0.000E+00  0.000E+00  0.000E+00  0.000E+00  0.000E+00  0.000E+00  0.000E+00  0.000E+00  0.000E+00  0.000E+00
  150.0000  0.000E+00  0.000E+00  0.000E+00  0.000E+00  0.000E+00  0.000E+00  0.000E+00  0.000E+00  0.000E+00  0.000E+00  0.000E+00  0.000E+00  0.000E+00  0.000E+00  0.000E+00  0.000E+00  0.000E+00  0.000E+00  0.000E+00
  160.0000  0.000E+00  0.000E+00  0.000E+00  0.000E+00  0.000E+00  0.000E+00  0.000E+00  0.000E+00  0.000E+00  0.000E+00  0.000E+00  0.000E+00  0.000E+00  0.000E+00  0.000E+00  0.000E+00  0.000E+00  0.000E+00  0.000E+00
  167.5000  0.000E+00  0.000E+00  0.000E+00  0.000E+00  0.000E+00  0.000E+00  0.000E+00  0.000E+00  0.000E+00  0.000E+00  0.000E+00  0.000E+00  0.000E+00  0.000E+00  0.000E+00  0.000E+00  0.000E+00  0.000E+00  0.000E+00
  172.2000  0.000E+00  0.000E+00  0.000E+00  0.000E+00  0.000E+00  0.000E+00  0.000E+00  0.000E+00  0.000E+00  0.000E+00  0.000E+00  0.000E+00  0.000E+00  0.000E+00  0.000E+00  0.000E+00  0.000E+00  0.000E+00  0.000E+00
  175.7000  0.000E+00  0.000E+00  0.000E+00  0.000E+00  0.000E+00  0.000E+00  0.000E+00  0.000E+00  0.000E+00  0.000E+00  0.000E+00  0.000E+00  0.000E+00  0.000E+00  0.000E+00  0.000E+00  0.000E+00  0.000E+00  0.000E+00
  177.8000  0.000E+00  0.000E+00  0.000E+00  0.000E+00  0.000E+00  0.000E+00  0.000E+00  0.000E+00  0.000E+00  0.000E+00  0.000E+00  0.000E+00  0.000E+00  0.000E+00  0.000E+00  0.000E+00  0.000E+00  0.000E+00  0.000E+00
  179.4000  0.000E+00  0.000E+00  0.000E+00  0.000E+00  0.000E+00  0.000E+00  0.000E+00  0.000E+00  0.000E+00  0.000E+00  0.000E+00  0.000E+00  0.000E+00  0.000E+00  0.000E+00  0.000E+00  0.000E+00  0.000E+00  0.000E+00
  181.0000  0.000E+00  0.000E+00  0.000E+00  0.000E+00  0.000E+00  0.000E+00  0.000E+00  0.000E+00  0.000E+00  0.000E+00  0.000E+00  0.000E+00  0.000E+00  0.000E+00  0.000E+00  0.000E+00  0.000E+00  0.000E+00  0.000E+00
  182.6500  0.000E+00  0.000E+00  0.000E+00  0.000E+00  0.000E+00  0.000E+00  0.000E+00  0.000E+00  0.000E+00  0.000E+00  0.000E+00  0.000E+00  0.000E+00  0.000E+00  0.000E+00  0.000E+00  0.000E+00  0.000E+00  0.000E+00
  184.3500  0.000E+00  0.000E+00  0.000E+00  0.000E+00  0.000E+00  0.000E+00  0.000E+00  0.000E+00  0.000E+00  0.000E+00  0.000E+00  0.000E+00  0.000E+00  0.000E+00  0.000E+00  0.000E+00  0.000E+00  0.000E+00  0.000E+00
  186.0500  0.000E+00  0.000E+00  0.000E+00  0.000E+00  0.000E+00  0.000E+00  0.000E+00  0.000E+00  0.000E+00  0.000E+00  0.000E+00  0.000E+00  0.000E+00  0.000E+00  0.000E+00  0.000E+00  0.000E+00  0.000E+00  0.000E+00
  187.8000  0.000E+00  0.000E+00  0.000E+00  0.000E+00  0.000E+00  0.000E+00  0.000E+00  0.000E+00  0.000E+00  0.000E+00  0.000E+00  0.000E+00  0.000E+00  0.000E+00  0.000E+00  0.000E+00  0.000E+00  0.000E+00  0.000E+00
  189.6000  0.000E+00  0.000E+00  0.000E+00  0.000E+00  0.000E+00  0.000E+00  0.000E+00  0.000E+00  0.000E+00  0.000E+00  0.000E+00  0.000E+00  0.000E+00  0.000E+00  0.000E+00  0.000E+00  0.000E+00  0.000E+00  0.000E+00
  191.4000  0.000E+00  0.000E+00  0.000E+00  0.000E+00  0.000E+00  0.000E+00  0.000E+00  0.000E+00  0.000E+00  0.000E+00  0.000E+00  0.000E+00  0.000E+00  0.000E+00  0.000E+00  0.000E+00  0.000E+00  0.000E+00  0.000E+00
  193.2500  0.000E+00  0.000E+00  0.000E+00  0.000E+00  0.000E+00  0.000E+00  0.000E+00  0.000E+00  0.000E+00  0.000E+00  0.000E+00  0.000E+00  0.000E+00  1.514E+03  1.176E+03  9.689E+02  7.209E+02  5.857E+02  6.132E+02
  195.1500  8.290E+06  7.991E+06  7.150E+06  5.917E+06  4.502E+06  3.299E+06  2.064E+06  1.150E+06  5.698E+05  2.609E+05  1.186E+05  6.222E+04  3.979E+04  2.884E+04  2.215E+04  1.775E+04  1.310E+04  9.254E+03  6.213E+03
  197.0500  7.993E+07  7.743E+07  7.033E+07  5.970E+07  4.712E+07  3.432E+07  2.284E+07  1.358E+07  7.375E+06  3.626E+06  1.687E+06  8.354E+05  4.832E+05  3.166E+05  2.181E+05  1.516E+05  9.978E+04  5.814E+04  2.248E+04
  199.0000  1.868E+08  1.813E+08  1.656E+08  1.419E+08  1.135E+08  8.412E+07  5.722E+07  3.466E+07  1.951E+07  9.827E+06  4.608E+06  2.232E+06  1.238E+06  7.799E+05  5.167E+05  3.429E+05  2.155E+05  1.175E+05  3.912E+04
  201.0000  2.850E+08  2.768E+08  2.533E+08  2.178E+08  1.751E+08  1.306E+08  8.950E+07  5.540E+07  3.107E+07  1.576E+07  7.389E+06  3.539E+06  1.933E+06  1.204E+06  7.911E+05  5.192E+05  3.230E+05  1.723E+05  5.329E+04
  203.0500  4.829E+08  4.692E+08  4.299E+08  3.705E+08  2.987E+08  2.236E+08  1.540E+08  9.500E+07  5.390E+07  2.732E+07  1.269E+07  5.942E+06  3.156E+06  1.923E+06  1.240E+06  7.974E+05  4.875E+05  2.560E+05  7.755E+04
  204.9500  5.793E+08  5.627E+08  5.151E+08  4.431E+08  3.563E+08  2.657E+08  1.820E+08  1.118E+08  6.262E+07  3.127E+07  1.424E+07  6.510E+06  3.395E+06  2.050E+06  1.314E+06  8.411E+05  5.131E+05  2.690E+05  8.026E+04
  207.0665  5.195E+08  5.041E+08  4.602E+08  3.939E+08  3.145E+08  2.324E+08  1.571E+08  9.484E+07  5.199E+07  2.523E+07  1.110E+07  4.912E+06  2.518E+06  1.516E+06  9.746E+05  6.284E+05  3.883E+05  2.092E+05  6.694E+04
  209.4295  5.398E+08  5.229E+08  4.745E+08  4.022E+08  3.165E+08  2.293E+08  1.511E+08  8.791E+07  4.632E+07  2.133E+07  8.854E+06  3.746E+06  1.894E+06  1.145E+06  7.423E+05  4.843E+05  3.043E+05  1.678E+05  5.549E+04
  211.6460  4.196E+08  4.053E+08  3.648E+08  3.048E+08  2.349E+08  1.654E+08  1.050E+08  5.836E+07  2.891E+07  1.239E+07  4.772E+06  1.927E+06  9.744E+05  5.976E+05  3.925E+05  2.602E+05  1.668E+05  9.437E+04  3.229E+04
  213.9100  1.494E+08  1.437E+08  1.276E+08  1.042E+08  7.764E+07  5.224E+07  3.126E+07  1.610E+07  7.260E+06  2.788E+06  9.693E+05  3.767E+05  1.960E+05  1.236E+05  8.273E+04  5.592E+04  3.664E+04  2.126E+04  7.506E+03
  216.2225  0.000E+00  0.000E+00  0.000E+00  0.000E+00  0.000E+00  0.000E+00  0.000E+00  0.000E+00  0.000E+00  0.000E+00  0.000E+00  0.000E+00  0.000E+00  0.000E+00  0.000E+00  0.000E+00  0.000E+00  0.000E+00  0.000E+00
  218.5855  0.000E+00  0.000E+00  0.000E+00  0.000E+00  0.000E+00  0.000E+00  0.000E+00  0.000E+00  0.000E+00  0.000E+00  0.000E+00  0.000E+00  0.000E+00  0.000E+00  0.000E+00  0.000E+00  0.000E+00  0.000E+00  0.000E+00
  221.0010  0.000E+00  0.000E+00  0.000E+00  0.000E+00  0.000E+00  0.000E+00  0.000E+00  0.000E+00  0.000E+00  0.000E+00  0.000E+00  0.000E+00  0.000E+00  0.000E+00  0.000E+00  0.000E+00  0.000E+00  0.000E+00  0.000E+00
  223.4705  0.000E+00  0.000E+00  0.000E+00  0.000E+00  0.000E+00  0.000E+00  0.000E+00  0.000E+00  0.000E+00  0.000E+00  0.000E+00  0.000E+00  0.000E+00  0.000E+00  0.000E+00  0.000E+00  0.000E+00  0.000E+00  0.000E+00
  225.9960  0.000E+00  0.000E+00  0.000E+00  0.000E+00  0.000E+00  0.000E+00  0.000E+00  0.000E+00  0.000E+00  0.000E+00  0.000E+00  0.000E+00  0.000E+00  0.000E+00  0.000E+00  0.000E+00  0.000E+00  0.000E+00  0.000E+00
  228.5790  0.000E+00  0.000E+00  0.000E+00  0.000E+00  0.000E+00  0.000E+00  0.000E+00  0.000E+00  0.000E+00  0.000E+00  0.000E+00  0.000E+00  0.000E+00  0.000E+00  0.000E+00  0.000E+00  0.000E+00  0.000E+00  0.000E+00
  231.2215  0.000E+00  0.000E+00  0.000E+00  0.000E+00  0.000E+00  0.000E+00  0.000E+00  0.000E+00  0.000E+00  0.000E+00  0.000E+00  0.000E+00  0.000E+00  0.000E+00  0.000E+00  0.000E+00  0.000E+00  0.000E+00  0.000E+00
  233.9260  0.000E+00  0.000E+00  0.000E+00  0.000E+00  0.000E+00  0.000E+00  0.000E+00  0.000E+00  0.000E+00  0.000E+00  0.000E+00  0.000E+00  0.000E+00  0.000E+00  0.000E+00  0.000E+00  0.000E+00  0.000E+00  0.000E+00
  236.6945  0.000E+00  0.000E+00  0.000E+00  0.000E+00  0.000E+00  0.000E+00  0.000E+00  0.000E+00  0.000E+00  0.000E+00  0.000E+00  0.000E+00  0.000E+00  0.000E+00  0.000E+00  0.000E+00  0.000E+00  0.000E+00  0.000E+00
  239.5295  0.000E+00  0.000E+00  0.000E+00  0.000E+00  0.000E+00  0.000E+00  0.000E+00  0.000E+00  0.000E+00  0.000E+00  0.000E+00  0.000E+00  0.000E+00  0.000E+00  0.000E+00  0.000E+00  0.000E+00  0.000E+00  0.000E+00
  242.4330  0.000E+00  0.000E+00  0.000E+00  0.000E+00  0.000E+00  0.000E+00  0.000E+00  0.000E+00  0.000E+00  0.000E+00  0.000E+00  0.000E+00  0.000E+00  0.000E+00  0.000E+00  0.000E+00  0.000E+00  0.000E+00  0.000E+00
  245.4080  0.000E+00  0.000E+00  0.000E+00  0.000E+00  0.000E+00  0.000E+00  0.000E+00  0.000E+00  0.000E+00  0.000E+00  0.000E+00  0.000E+00  0.000E+00  0.000E+00  0.000E+00  0.000E+00  0.000E+00  0.000E+00  0.000E+00
  248.4570  0.000E+00  0.000E+00  0.000E+00  0.000E+00  0.000E+00  0.000E+00  0.000E+00  0.000E+00  0.000E+00  0.000E+00  0.000E+00  0.000E+00  0.000E+00  0.000E+00  0.000E+00  0.000E+00  0.000E+00  0.000E+00  0.000E+00
  251.5825  0.000E+00  0.000E+00  0.000E+00  0.000E+00  0.000E+00  0.000E+00  0.000E+00  0.000E+00  0.000E+00  0.000E+00  0.000E+00  0.000E+00  0.000E+00  0.000E+00  0.000E+00  0.000E+00  0.000E+00  0.000E+00  0.000E+00
  254.7875  0.000E+00  0.000E+00  0.000E+00  0.000E+00  0.000E+00  0.000E+00  0.000E+00  0.000E+00  0.000E+00  0.000E+00  0.000E+00  0.000E+00  0.000E+00  0.000E+00  0.000E+00  0.000E+00  0.000E+00  0.000E+00  0.000E+00
  258.0750  0.000E+00  0.000E+00  0.000E+00  0.000E+00  0.000E+00  0.000E+00  0.000E+00  0.000E+00  0.000E+00  0.000E+00  0.000E+00  0.000E+00  0.000E+00  0.000E+00  0.000E+00  0.000E+00  0.000E+00  0.000E+00  0.000E+00
  261.4490  0.000E+00  0.000E+00  0.000E+00  0.000E+00  0.000E+00  0.000E+00  0.000E+00  0.000E+00  0.000E+00  0.000E+00  0.000E+00  0.000E+00  0.000E+00  0.000E+00  0.000E+00  0.000E+00  0.000E+00  0.000E+00  0.000E+00
  264.9125  0.000E+00  0.000E+00  0.000E+00  0.000E+00  0.000E+00  0.000E+00  0.000E+00  0.000E+00  0.000E+00  0.000E+00  0.000E+00  0.000E+00  0.000E+00  0.000E+00  0.000E+00  0.000E+00  0.000E+00  0.000E+00  0.000E+00
  268.4685  0.000E+00  0.000E+00  0.000E+00  0.000E+00  0.000E+00  0.000E+00  0.000E+00  0.000E+00  0.000E+00  0.000E+00  0.000E+00  0.000E+00  0.000E+00  0.000E+00  0.000E+00  0.000E+00  0.000E+00  0.000E+00  0.000E+00
  272.1215  0.000E+00  0.000E+00  0.000E+00  0.000E+00  0.000E+00  0.000E+00  0.000E+00  0.000E+00  0.000E+00  0.000E+00  0.000E+00  0.000E+00  0.000E+00  0.000E+00  0.000E+00  0.000E+00  0.000E+00  0.000E+00  0.000E+00
  275.8755  0.000E+00  0.000E+00  0.000E+00  0.000E+00  0.000E+00  0.000E+00  0.000E+00  0.000E+00  0.000E+00  0.000E+00  0.000E+00  0.000E+00  0.000E+00  0.000E+00  0.000E+00  0.000E+00  0.000E+00  0.000E+00  0.000E+00
  279.7340  0.000E+00  0.000E+00  0.000E+00  0.000E+00  0.000E+00  0.000E+00  0.000E+00  0.000E+00  0.000E+00  0.000E+00  0.000E+00  0.000E+00  0.000E+00  0.000E+00  0.000E+00  0.000E+00  0.000E+00  0.000E+00  0.000E+00
  283.7020  0.000E+00  0.000E+00  0.000E+00  0.000E+00  0.000E+00  0.000E+00  0.000E+00  0.000E+00  0.000E+00  0.000E+00  0.000E+00  0.000E+00  0.000E+00  0.000E+00  0.000E+00  0.000E+00  0.000E+00  0.000E+00  0.000E+00
  287.7845  0.000E+00  0.000E+00  0.000E+00  0.000E+00  0.000E+00  0.000E+00  0.000E+00  0.000E+00  0.000E+00  0.000E+00  0.000E+00  0.000E+00  0.000E+00  0.000E+00  0.000E+00  0.000E+00  0.000E+00  0.000E+00  0.000E+00
  291.9865  6.372E+10  6.194E+10  5.683E+10  4.905E+10  3.960E+10  2.963E+10  2.029E+10  1.247E+10  6.718E+09  3.070E+09  1.133E+09  3.286E+08  8.432E+07  3.127E+07  1.877E+07  1.261E+07  8.406E+06  5.131E+06  2.088E+06
  296.3090  1.501E+12  1.476E+12  1.404E+12  1.289E+12  1.138E+12  9.617E+11  7.717E+11  5.813E+11  4.051E+11  2.563E+11  1.419E+11  6.586E+10  2.421E+10  6.952E+09  2.084E+09  1.042E+09  6.407E+08  3.669E+08  1.429E+08
  300.5000  9.056E+12  8.969E+12  8.708E+12  8.281E+12  7.697E+12  6.971E+12  6.124E+12  5.184E+12  4.189E+12  3.198E+12  2.253E+12  1.424E+12  7.702E+11  3.311E+11  1.030E+11  2.535E+10  9.790E+09  5.000E+09  1.791E+09
  303.0000  2.724E+13  2.705E+13  2.648E+13  2.554E+13  2.423E+13  2.256E+13  2.055E+13  1.826E+13  1.562E+13  1.286E+13  9.982E+12  7.159E+12  4.578E+12  2.459E+12  1.001E+12  2.685E+11  5.955E+10  2.388E+10  7.855E+09
  304.0000  3.057E+13  3.038E+13  2.980E+13  2.884E+13  2.750E+13  2.577E+13  2.368E+13  2.119E+13  1.846E+13  1.547E+13  1.229E+13  9.084E+12  6.048E+12  3.433E+12  1.507E+12  4.372E+11  8.865E+10  3.095E+10  9.858E+09
  305.0000  4.341E+13  4.318E+13  4.246E+13  4.127E+13  3.959E+13  3.742E+13  3.476E+13  3.169E+13  2.797E+13  2.398E+13  1.962E+13  1.507E+13  1.056E+13  6.436E+12  3.120E+12  1.025E+12  2.010E+11  5.476E+10  1.645E+10
  306.0000  4.183E+13  4.163E+13  4.101E+13  3.996E+13  3.849E+13  3.658E+13  3.422E+13  3.140E+13  2.811E+13  2.444E+13  2.038E+13  1.604E+13  1.162E+13  7.414E+12  3.837E+12  1.378E+12  2.797E+11  6.288E+10  1.792E+10
  307.0000  5.541E+13  5.516E+13  5.443E+13  5.320E+13  5.146E+13  4.919E+13  4.635E+13  4.290E+13  3.891E+13  3.437E+13  2.922E+13  2.362E+13  1.772E+13  1.187E+13  6.589E+12  2.619E+12  5.779E+11  1.051E+11  2.760E+10
  308.0000  6.672E+13  6.646E+13  6.568E+13  6.436E+13  6.250E+13  6.005E+13  5.698E+13  5.320E+13  4.879E+13  4.370E+13  3.784E+13  3.131E+13  2.426E+13  1.699E+13  1.006E+13  4.409E+12  1.090E+12  1.683E+11  3.948E+10
  309.0000  7.021E+13  6.995E+13  6.920E+13  6.792E+13  6.608E+13  6.369E+13  6.066E+13  5.687E+13  5.253E+13  4.741E+13  4.148E+13  3.478E+13  2.744E+13  1.970E+13  1.210E+13  5.603E+12  1.493E+12  2.153E+11  4.638E+10
  310.0000  7.121E+13  7.100E+13  7.034E+13  6.923E+13  6.764E+13  6.553E+13  6.286E+13  5.948E+13  5.554E+13  5.086E+13  4.533E+13  3.895E+13  3.174E+13  2.385E+13  1.567E+13  8.061E+12  2.513E+12  3.474E+11  6.052E+10
  311.0000  1.211E+14  1.207E+14  1.197E+14  1.179E+14  1.154E+14  1.121E+14  1.078E+14  1.024E+14  9.606E+13  8.849E+13  7.947E+13  6.897E+13  5.697E+13  4.363E+13  2.947E+13  1.583E+13  5.289E+12  7.430E+11  1.163E+11
  312.0000  1.100E+14  1.097E+14  1.088E+14  1.074E+14  1.054E+14  1.026E+14  9.914E+13  9.463E+13  8.940E+13  8.305E+13  7.539E+13  6.636E+13  5.587E+13  4.393E+13  3.086E+13  1.763E+13  6.527E+12  9.787E+11  1.289E+11
  313.0000  1.251E+14  1.248E+14  1.240E+14  1.226E+14  1.205E+14  1.177E+14  1.142E+14  1.096E+14  1.041E+14  9.753E+13  8.947E+13  7.983E+13  6.846E+13  5.523E+13  4.030E+13  2.446E+13  1.004E+13  1.677E+12  1.853E+11
  314.0000  1.373E+14  1.370E+14  1.361E+14  1.346E+14  1.325E+14  1.296E+14  1.259E+14  1.211E+14  1.153E+14  1.084E+14  9.982E+13  8.956E+13  7.736E+13  6.305E+13  4.670E+13  2.903E+13  1.241E+13  2.180E+12  2.242E+11
  316.0000  1.442E+14  1.440E+14  1.432E+14  1.420E+14  1.402E+14  1.377E+14  1.345E+14  1.304E+14  1.254E+14  1.191E+14  1.114E+14  1.019E+14  9.037E+13  7.640E+13  5.973E+13  4.047E+13  2.016E+13  4.508E+12  3.708E+11
  320.0000  1.889E+14  1.887E+14  1.880E+14  1.869E+14  1.851E+14  1.828E+14  1.797E+14  1.755E+14  1.704E+14  1.640E+14  1.558E+14  1.456E+14  1.328E+14  1.167E+14  9.666E+13  7.184E+13  4.227E+13  1.299E+13  9.572E+11
  325.0000  2.444E+14  2.442E+14  2.436E+14  2.426E+14  2.410E+14  2.388E+14  2.359E+14  2.320E+14  2.270E+14  2.206E+14  2.123E+14  2.016E+14  1.880E+14  1.704E+14  1.476E+14  1.179E+14  7.909E+13  3.217E+13  2.671E+12
  330.0000  3.024E+14  3.022E+14  3.016E+14  3.006E+14  2.991E+14  2.970E+14  2.941E+14  2.901E+14  2.850E+14  2.783E+14  2.695E+14  2.581E+14  2.432E+14  2.238E+14  1.981E+14  1.637E+14  1.170E+14  5.468E+13  5.179E+12
  335.0000  2.855E+14  2.853E+14  2.849E+14  2.842E+14  2.830E+14  2.814E+14  2.791E+14  2.759E+14  2.718E+14  2.663E+14  2.590E+14  2.494E+14  2.367E+14  2.200E+14  1.976E+14  1.671E+14  1.244E+14  6.381E+13  6.751E+12
  340.0000  3.064E+14  3.063E+14  3.059E+14  3.052E+14  3.042E+14  3.027E+14  3.005E+14  2.975E+14  2.934E+14  2.881E+14  2.809E+14  2.714E+14  2.587E+14  2.418E+14  2.189E+14  1.875E+14  1.428E+14  7.697E+13  8.582E+12
  345.0000  2.981E+14  2.980E+14  2.977E+14  2.971E+14  2.962E+14  2.949E+14  2.930E+14  2.903E+14  2.867E+14  2.819E+14  2.754E+14  2.667E+14  2.550E+14  2.393E+14  2.180E+14  1.883E+14  1.456E+14  8.123E+13  9.346E+12
  350.0000  3.074E+14  3.073E+14  3.071E+14  3.065E+14  3.057E+14  3.044E+14  3.026E+14  3.000E+14  2.966E+14  2.919E+14  2.855E+14  2.769E+14  2.653E+14  2.496E+14  2.282E+14  1.982E+14  1.547E+14  8.796E+13  1.019E+13
  355.0000  3.212E+14  3.211E+14  3.208E+14  3.203E+14  3.195E+14  3.183E+14  3.166E+14  3.141E+14  3.107E+14  3.062E+14  2.998E+14  2.913E+14  2.797E+14  2.639E+14  2.423E+14  2.117E+14  1.669E+14  9.715E+13  1.152E+13
  360.0000  2.903E+14  2.903E+14  2.901E+14  2.897E+14  2.890E+14  2.881E+14  2.866E+14  2.845E+14  2.817E+14  2.778E+14  2.723E+14  2.650E+14  2.549E+14  2.412E+14  2.222E+14  1.952E+14  1.553E+14  9.214E+13  1.118E+13
  365.0000  3.654E+14  3.653E+14  3.651E+14  3.646E+14  3.639E+14  3.628E+14  3.612E+14  3.587E+14  3.553E+14  3.507E+14  3.442E+14  3.353E+14  3.232E+14  3.065E+14  2.833E+14  2.501E+14  2.006E+14  1.212E+14  1.510E+13
  370.0000  3.763E+14  3.763E+14  3.761E+14  3.757E+14  3.750E+14  3.740E+14  3.724E+14  3.700E+14  3.668E+14  3.623E+14  3.559E+14  3.472E+14  3.351E+14  3.185E+14  2.953E+14  2.619E+14  2.116E+14  1.300E+14  1.667E+13
  375.0000  3.371E+14  3.370E+14  3.369E+14  3.366E+14  3.360E+14  3.352E+14  3.339E+14  3.319E+14  3.292E+14  3.254E+14  3.199E+14  3.124E+14  3.021E+14  2.877E+14  2.674E+14  2.382E+14  1.939E+14  1.210E+14  1.602E+13
  380.0000  3.846E+14  3.846E+14  3.844E+14  3.841E+14  3.835E+14  3.826E+14  3.813E+14  3.792E+14  3.762E+14  3.721E+14  3.662E+14  3.580E+14  3.467E+14  3.308E+14  3.084E+14  2.757E+14  2.259E+14  1.432E+14  1.962E+13
  385.0000  2.880E+14  2.880E+14  2.879E+14  2.877E+14  2.873E+14  2.867E+14  2.858E+14  2.843E+14  2.822E+14  2.793E+14  2.751E+14  2.692E+14  2.610E+14  2.495E+14  2.332E+14  2.093E+14  1.726E+14  1.109E+14  1.577E+13
  390.0000  3.739E+14  3.738E+14  3.737E+14  3.735E+14  3.731E+14  3.723E+14  3.712E+14  3.695E+14  3.669E+14  3.633E+14  3.581E+14  3.508E+14  3.406E+14  3.261E+14  3.055E+14  2.752E+14  2.284E+14  1.488E+14  2.198E+13
  395.0000  2.885E+14  2.885E+14  2.884E+14  2.883E+14  2.880E+14  2.875E+14  2.867E+14  2.854E+14  2.836E+14  2.809E+14  2.771E+14  2.717E+14  2.641E+14  2.533E+14  2.378E+14  2.150E+14  1.794E+14  1.184E+14  1.820E+13
  400.0000  5.332E+14  5.332E+14  5.330E+14  5.328E+14  5.323E+14  5.315E+14  5.301E+14  5.279E+14  5.247E+14  5.201E+14  5.134E+14  5.038E+14  4.902E+14  4.709E+14  4.432E+14  4.019E+14  3.373E+14  2.254E+14  3.608E+13
  405.0000  5.415E+14  5.415E+14  5.414E+14  5.412E+14  5.408E+14  5.400E+14  5.387E+14  5.366E+14  5.336E+14  5.291E+14  5.226E+14  5.132E+14  4.999E+14  4.810E+14  4.536E+14  4.126E+14  3.481E+14  2.353E+14  3.924E+13
  410.0000  5.566E+14  5.566E+14  5.565E+14  5.563E+14  5.559E+14  5.552E+14  5.540E+14  5.520E+14  5.490E+14  5.447E+14  5.382E+14  5.290E+14  5.158E+14  4.969E+14  4.695E+14  4.284E+14  3.632E+14  2.482E+14  4.311E+13
  415.0000  5.783E+14  5.783E+14  5.782E+14  5.781E+14  5.777E+14  5.771E+14  5.759E+14  5.739E+14  5.710E+14  5.668E+14  5.604E+14  5.511E+14  5.379E+14  5.189E+14  4.912E+14  4.495E+14  3.829E+14  2.645E+14  4.785E+13
  420.0000  5.824E+14  5.824E+14  5.823E+14  5.822E+14  5.819E+14  5.813E+14  5.802E+14  5.784E+14  5.756E+14  5.715E+14  5.653E+14  5.564E+14  5.435E+14  5.250E+14  4.978E+14  4.567E+14  3.908E+14  2.727E+14  5.135E+13
  425.0000  5.550E+14  5.550E+14  5.550E+14  5.548E+14  5.546E+14  5.541E+14  5.531E+14  5.514E+14  5.489E+14  5.452E+14  5.396E+14  5.314E+14  5.195E+14  5.024E+14  4.771E+14  4.388E+14  3.771E+14  2.655E+14  5.193E+13
  430.0000  5.114E+14  5.114E+14  5.113E+14  5.113E+14  5.110E+14  5.106E+14  5.098E+14  5.084E+14  5.062E+14  5.029E+14  4.979E+14  4.906E+14  4.801E+14  4.647E+14  4.421E+14  4.076E+14  3.517E+14  2.500E+14  5.084E+13
  435.0000  5.931E+14  5.931E+14  5.931E+14  5.930E+14  5.928E+14  5.923E+14  5.914E+14  5.899E+14  5.875E+14  5.838E+14  5.783E+14  5.701E+14  5.583E+14  5.410E+14  5.154E+14  4.763E+14  4.126E+14  2.958E+14  6.241E+13
  440.0000  6.098E+14  6.098E+14  6.098E+14  6.097E+14  6.095E+14  6.091E+14  6.082E+14  6.067E+14  6.043E+14  6.007E+14  5.952E+14  5.871E+14  5.753E+14  5.580E+14  5.323E+14  4.929E+14  4.284E+14  3.094E+14  6.751E+13
  445.0000  6.549E+14  6.549E+14  6.549E+14  6.548E+14  6.546E+14  6.542E+14  6.534E+14  6.518E+14  6.494E+14  6.457E+14  6.400E+14  6.315E+14  6.192E+14  6.011E+14  5.742E+14  5.328E+14  4.646E+14  3.380E+14  7.632E+13
  450.0000  6.967E+14  6.967E+14  6.967E+14  6.967E+14  6.965E+14  6.961E+14  6.952E+14  6.936E+14  6.912E+14  6.874E+14  6.816E+14  6.729E+14  6.602E+14  6.415E+14  6.135E+14  5.703E+14  4.990E+14  3.658E+14  8.545E+13
  455.0000  6.823E+14  6.823E+14  6.823E+14  6.822E+14  6.821E+14  6.817E+14  6.809E+14  6.794E+14  6.771E+14  6.736E+14  6.680E+14  6.598E+14  6.477E+14  6.298E+14  6.031E+14  5.617E+14  4.929E+14  3.637E+14  8.771E+13
  460.0000  7.024E+14  7.024E+14  7.024E+14  7.024E+14  7.022E+14  7.018E+14  7.010E+14  6.995E+14  6.972E+14  6.936E+14  6.880E+14  6.797E+14  6.675E+14  6.494E+14  6.222E+14  5.801E+14  5.099E+14  3.775E+14  9.296E+13
  465.0000  6.954E+14  6.954E+14  6.954E+14  6.954E+14  6.953E+14  6.949E+14  6.941E+14  6.927E+14  6.905E+14  6.871E+14  6.818E+14  6.738E+14  6.620E+14  6.446E+14  6.184E+14  5.774E+14  5.092E+14  3.795E+14  9.648E+13
  470.0000  6.927E+14  6.927E+14  6.927E+14  6.927E+14  6.925E+14  6.922E+14  6.915E+14  6.901E+14  6.880E+14  6.847E+14  6.795E+14  6.718E+14  6.603E+14  6.434E+14  6.178E+14  5.778E+14  5.108E+14  3.829E+14  1.001E+14
  475.0000  7.020E+14  7.020E+14  7.020E+14  7.020E+14  7.018E+14  7.015E+14  7.008E+14  6.994E+14  6.973E+14  6.940E+14  6.889E+14  6.813E+14  6.699E+14  6.531E+14  6.276E+14  5.877E+14  5.207E+14  3.920E+14  1.050E+14
  480.0000  7.228E+14  7.228E+14  7.228E+14  7.227E+14  7.225E+14  7.221E+14  7.214E+14  7.199E+14  7.177E+14  7.143E+14  7.091E+14  7.012E+14  6.895E+14  6.722E+14  6.460E+14  6.049E+14  5.358E+14  4.029E+14  1.085E+14
  485.0000  6.580E+14  6.580E+14  6.579E+14  6.579E+14  6.577E+14  6.574E+14  6.567E+14  6.554E+14  6.534E+14  6.504E+14  6.457E+14  6.386E+14  6.282E+14  6.127E+14  5.893E+14  5.524E+14  4.902E+14  3.701E+14  1.019E+14
  490.0000  6.871E+14  6.871E+14  6.871E+14  6.870E+14  6.869E+14  6.865E+14  6.858E+14  6.845E+14  6.825E+14  6.794E+14  6.747E+14  6.675E+14  6.569E+14  6.411E+14  6.171E+14  5.794E+14  5.155E+14  3.915E+14  1.108E+14
  495.0000  7.017E+14  7.017E+14  7.016E+14  7.016E+14  7.014E+14  7.010E+14  7.003E+14  6.990E+14  6.969E+14  6.939E+14  6.890E+14  6.818E+14  6.712E+14  6.553E+14  6.311E+14  5.930E+14  5.283E+14  4.024E+14  1.160E+14
  500.0000  6.703E+14  6.703E+14  6.703E+14  6.702E+14  6.700E+14  6.696E+14  6.688E+14  6.675E+14  6.655E+14  6.625E+14  6.578E+14  6.509E+14  6.406E+14  6.253E+14  6.022E+14  5.656E+14  5.034E+14  3.824E+14  1.102E+14
  505.0000  6.820E+14  6.820E+14  6.820E+14  6.818E+14  6.816E+14  6.811E+14  6.802E+14  6.788E+14  6.766E+14  6.734E+14  6.685E+14  6.613E+14  6.506E+14  6.348E+14  6.109E+14  5.732E+14  5.091E+14  3.844E+14  1.097E+14
  510.0000  6.787E+14  6.787E+14  6.786E+14  6.785E+14  6.782E+14  6.777E+14  6.769E+14  6.755E+14  6.734E+14  6.703E+14  6.655E+14  6.585E+14  6.481E+14  6.328E+14  6.094E+14  5.726E+14  5.097E+14  3.870E+14  1.132E+14
  515.0000  6.313E+14  6.313E+14  6.312E+14  6.310E+14  6.308E+14  6.303E+14  6.295E+14  6.282E+14  6.263E+14  6.234E+14  6.190E+14  6.126E+14  6.031E+14  5.889E+14  5.675E+14  5.335E+14  4.756E+14  3.620E+14  1.076E+14
  520.0000  6.509E+14  6.509E+14  6.508E+14  6.506E+14  6.503E+14  6.498E+14  6.490E+14  6.476E+14  6.455E+14  6.426E+14  6.380E+14  6.313E+14  6.215E+14  6.070E+14  5.849E+14  5.500E+14  4.902E+14  3.731E+14  1.116E+14
  525.0000  6.545E+14  6.545E+14  6.544E+14  6.542E+14  6.538E+14  6.532E+14  6.523E+14  6.508E+14  6.486E+14  6.455E+14  6.408E+14  6.340E+14  6.239E+14  6.090E+14  5.865E+14  5.509E+14  4.901E+14  3.710E+14  1.099E+14
  530.0000  6.906E+14  6.906E+14  6.905E+14  6.902E+14  6.897E+14  6.890E+14  6.879E+14  6.862E+14  6.837E+14  6.802E+14  6.751E+14  6.675E+14  6.566E+14  6.404E+14  6.161E+14  5.777E+14  5.121E+14  3.842E+14  1.114E+14
  535.0000  6.714E+14  6.713E+14  6.712E+14  6.709E+14  6.704E+14  6.697E+14  6.686E+14  6.668E+14  6.644E+14  6.610E+14  6.558E+14  6.485E+14  6.378E+14  6.220E+14  5.983E+14  5.608E+14  4.968E+14  3.721E+14  1.080E+14
  540.0000  6.747E+14  6.746E+14  6.744E+14  6.741E+14  6.737E+14  6.728E+14  6.717E+14  6.700E+14  6.675E+14  6.641E+14  6.589E+14  6.516E+14  6.409E+14  6.252E+14  6.016E+14  5.642E+14  5.003E+14  3.754E+14  1.104E+14
  545.0000  6.868E+14  6.867E+14  6.865E+14  6.861E+14  6.856E+14  6.848E+14  6.835E+14  6.817E+14  6.791E+14  6.755E+14  6.702E+14  6.626E+14  6.516E+14  6.355E+14  6.113E+14  5.730E+14  5.075E+14  3.797E+14  1.113E+14
  550.0000  6.913E+14  6.912E+14  6.911E+14  6.907E+14  6.900E+14  6.892E+14  6.879E+14  6.860E+14  6.833E+14  6.796E+14  6.742E+14  6.665E+14  6.554E+14  6.391E+14  6.147E+14  5.761E+14  5.100E+14  3.810E+14  1.118E+14
  555.0000  6.878E+14  6.877E+14  6.874E+14  6.870E+14  6.864E+14  6.855E+14  6.841E+14  6.822E+14  6.795E+14  6.758E+14  6.703E+14  6.626E+14  6.515E+14  6.353E+14  6.110E+14  5.725E+14  5.068E+14  3.782E+14  1.114E+14
  560.0000  6.723E+14  6.722E+14  6.719E+14  6.715E+14  6.708E+14  6.698E+14  6.684E+14  6.664E+14  6.636E+14  6.598E+14  6.543E+14  6.465E+14  6.354E+14  6.192E+14  5.949E+14  5.566E+14  4.912E+14  3.638E+14  1.053E+14
  565.0000  6.752E+14  6.750E+14  6.748E+14  6.743E+14  6.735E+14  6.724E+14  6.709E+14  6.687E+14  6.658E+14  6.617E+14  6.560E+14  6.479E+14  6.364E+14  6.197E+14  5.948E+14  5.555E+14  4.886E+14  3.589E+14  1.017E+14
  570.0000  6.737E+14  6.735E+14  6.732E+14  6.727E+14  6.719E+14  6.708E+14  6.692E+14  6.669E+14  6.638E+14  6.597E+14  6.538E+14  6.456E+14  6.340E+14  6.171E+14  5.919E+14  5.523E+14  4.849E+14  3.545E+14  9.950E+13
  575.0000  6.880E+14  6.879E+14  6.876E+14  6.870E+14  6.861E+14  6.849E+14  6.832E+14  6.808E+14  6.777E+14  6.734E+14  6.674E+14  6.590E+14  6.470E+14  6.297E+14  6.040E+14  5.635E+14  4.946E+14  3.613E+14  1.016E+14
  580.0000  6.807E+14  6.806E+14  6.802E+14  6.797E+14  6.789E+14  6.777E+14  6.761E+14  6.737E+14  6.707E+14  6.665E+14  6.607E+14  6.526E+14  6.410E+14  6.243E+14  5.994E+14  5.602E+14  4.932E+14  3.629E+14  1.050E+14
  585.0000  6.850E+14  6.849E+14  6.846E+14  6.841E+14  6.832E+14  6.821E+14  6.805E+14  6.782E+14  6.752E+14  6.711E+14  6.654E+14  6.574E+14  6.461E+14  6.297E+14  6.052E+14  5.666E+14  5.005E+14  3.712E+14  1.106E+14
  590.0000  6.643E+14  6.643E+14  6.639E+14  6.634E+14  6.626E+14  6.614E+14  6.599E+14  6.576E+14  6.548E+14  6.508E+14  6.453E+14  6.376E+14  6.267E+14  6.110E+14  5.874E+14  5.503E+14  4.867E+14  3.620E+14  1.094E+14
  595.0000  6.802E+14  6.801E+14  6.797E+14  6.791E+14  6.782E+14  6.770E+14  6.753E+14  6.729E+14  6.699E+14  6.657E+14  6.599E+14  6.519E+14  6.405E+14  6.241E+14  5.997E+14  5.612E+14  4.953E+14  3.665E+14  1.094E+14
  600.0000  6.661E+14  6.660E+14  6.656E+14  6.649E+14  6.640E+14  6.627E+14  6.610E+14  6.585E+14  6.554E+14  6.511E+14  6.452E+14  6.371E+14  6.257E+14  6.092E+14  5.847E+14  5.463E+14  4.807E+14  3.529E+14  1.032E+14
  605.0000  6.772E+14  6.771E+14  6.767E+14  6.760E+14  6.751E+14  6.737E+14  6.719E+14  6.694E+14  6.662E+14  6.619E+14  6.559E+14  6.477E+14  6.361E+14  6.194E+14  5.947E+14  5.559E+14  4.895E+14  3.600E+14  1.063E+14
  610.0000  6.731E+14  6.730E+14  6.726E+14  6.720E+14  6.711E+14  6.698E+14  6.681E+14  6.656E+14  6.626E+14  6.585E+14  6.528E+14  6.449E+14  6.339E+14  6.180E+14  5.942E+14  5.569E+14  4.929E+14  3.670E+14  1.131E+14
  615.0000  6.617E+14  6.616E+14  6.612E+14  6.606E+14  6.598E+14  6.586E+14  6.570E+14  6.547E+14  6.519E+14  6.480E+14  6.427E+14  6.353E+14  6.249E+14  6.100E+14  5.876E+14  5.524E+14  4.916E+14  3.711E+14  1.199E+14
  620.0000  6.757E+14  6.756E+14  6.752E+14  6.747E+14  6.738E+14  6.726E+14  6.710E+14  6.688E+14  6.660E+14  6.623E+14  6.571E+14  6.498E+14  6.396E+14  6.249E+14  6.029E+14  5.681E+14  5.080E+14  3.877E+14  1.302E+14
  625.0000  6.653E+14  6.652E+14  6.649E+14  6.643E+14  6.635E+14  6.624E+14  6.609E+14  6.588E+14  6.561E+14  6.525E+14  6.476E+14  6.407E+14  6.309E+14  6.169E+14  5.959E+14  5.626E+14  5.049E+14  3.887E+14  1.348E+14
  630.0000  6.705E+14  6.704E+14  6.701E+14  6.695E+14  6.687E+14  6.677E+14  6.662E+14  6.641E+14  6.615E+14  6.580E+14  6.532E+14  6.465E+14  6.370E+14  6.234E+14  6.029E+14  5.704E+14  5.139E+14  3.995E+14  1.432E+14
  635.0000  6.702E+14  6.701E+14  6.698E+14  6.692E+14  6.685E+14  6.674E+14  6.660E+14  6.640E+14  6.615E+14  6.582E+14  6.535E+14  6.471E+14  6.380E+14  6.249E+14  6.051E+14  5.738E+14  5.192E+14  4.077E+14  1.514E+14
  640.0000  6.668E+14  6.667E+14  6.664E+14  6.659E+14  6.651E+14  6.641E+14  6.628E+14  6.609E+14  6.585E+14  6.553E+14  6.509E+14  6.448E+14  6.361E+14  6.236E+14  6.047E+14  5.747E+14  5.222E+14  4.143E+14  1.596E+14
  644.8000  6.671E+14  6.669E+14  6.667E+14  6.662E+14  6.654E+14  6.645E+14  6.632E+14  6.614E+14  6.591E+14  6.560E+14  6.518E+14  6.459E+14  6.375E+14  6.254E+14  6.072E+14  5.782E+14  5.273E+14  4.221E+14  1.678E+14
  651.0500  6.638E+14  6.637E+14  6.634E+14  6.629E+14  6.622E+14  6.613E+14  6.600E+14  6.583E+14  6.561E+14  6.532E+14  6.491E+14  6.435E+14  6.355E+14  6.239E+14  6.065E+14  5.787E+14  5.299E+14  4.282E+14  1.760E+14
  660.0000  6.369E+14  6.368E+14  6.366E+14  6.361E+14  6.355E+14  6.346E+14  6.335E+14  6.319E+14  6.299E+14  6.272E+14  6.236E+14  6.185E+14  6.113E+14  6.008E+14  5.851E+14  5.599E+14  5.155E+14  4.221E+14  1.820E+14
  670.0000  6.620E+14  6.619E+14  6.616E+14  6.612E+14  6.605E+14  6.597E+14  6.585E+14  6.570E+14  6.551E+14  6.525E+14  6.489E+14  6.440E+14  6.370E+14  6.269E+14  6.116E+14  5.872E+14  5.439E+14  4.520E+14  2.052E+14
  680.0000  6.580E+14  6.579E+14  6.577E+14  6.572E+14  6.566E+14  6.558E+14  6.547E+14  6.532E+14  6.514E+14  6.490E+14  6.456E+14  6.410E+14  6.345E+14  6.251E+14  6.108E+14  5.880E+14  5.474E+14  4.606E+14  2.186E+14
  690.0000  6.563E+14  6.562E+14  6.560E+14  6.555E+14  6.549E+14  6.541E+14  6.531E+14  6.517E+14  6.499E+14  6.476E+14  6.444E+14  6.400E+14  6.339E+14  6.249E+14  6.115E+14  5.899E+14  5.515E+14  4.688E+14  2.309E+14
  700.0000  6.527E+14  6.526E+14  6.524E+14  6.519E+14  6.513E+14  6.505E+14  6.495E+14  6.482E+14  6.465E+14  6.443E+14  6.413E+14  6.372E+14  6.314E+14  6.230E+14  6.103E+14  5.901E+14  5.540E+14  4.757E+14  2.430E+14
  710.0000  6.448E+14  6.447E+14  6.444E+14  6.440E+14  6.434E+14  6.426E+14  6.416E+14  6.403E+14  6.386E+14  6.365E+14  6.336E+14  6.297E+14  6.241E+14  6.162E+14  6.042E+14  5.850E+14  5.508E+14  4.761E+14  2.496E+14
  720.0000  6.307E+14  6.306E+14  6.304E+14  6.299E+14  6.293E+14  6.285E+14  6.275E+14  6.262E+14  6.246E+14  6.226E+14  6.198E+14  6.161E+14  6.108E+14  6.033E+14  5.920E+14  5.739E+14  5.416E+14  4.709E+14  2.525E+14
  730.0000  6.231E+14  6.231E+14  6.228E+14  6.224E+14  6.218E+14  6.210E+14  6.200E+14  6.188E+14  6.172E+14  6.152E+14  6.125E+14  6.089E+14  6.040E+14  5.968E+14  5.861E+14  5.689E+14  5.384E+14  4.712E+14  2.590E+14
------------------------------------------------------------
Photolysis rate coefficients, s-1
   1 = O3 -> O2 + O(1D)                                  
   2 = NO2 -> NO + O(3P)                                 
   3 = HNO2 -> OH + NO                                   
   4 = HNO3 -> OH + NO2                                  
   5 = Cl2 -> Cl + Cl                                    
   6 = ClOO -> Products                                  
   7 = OClO -> Products                                  
   8 = ClOOCl -> Cl + ClOO                               
   9 = ClNO2 -> Cl + NO2                                 
  10 = Br2 -> Br + Br                                    
  11 = BrO -> Br + O                                     
  12 = HOBr -> OH + Br                                   
  13 = BrNO -> Br + NO                                   
  14 = BrONO -> Br + NO2                                 
  15 = BrONO -> BrO + NO                                 
  16 = BrNO2 -> Br + NO2                                 
  17 = BrONO2 -> BrO + NO2                               
  18 = BrONO2 -> Br + NO3                                
  19 = BrCl -> Br + Cl                                   
values at z =     14.000 km
Columns: sza, photo-reactions
 sza, deg.          1          2          3          4          5          6          7          8          9         10         11         12         13         14         15         16         17         18         19
    0.0000  6.805E-05  1.385E-02  2.494E-03  1.000E-06  4.008E-03  0.000E+00  1.313E-01  3.069E-03  8.821E-04  4.289E-02  6.697E-02  3.494E-03  3.139E-02  2.111E-02  2.111E-02  7.168E-03  3.381E-04  1.916E-03  1.545E-02
    5.0000  6.764E-05  1.384E-02  2.493E-03  9.962E-07  4.006E-03  0.000E+00  1.313E-01  3.066E-03  8.812E-04  4.289E-02  6.693E-02  3.493E-03  3.138E-02  2.109E-02  2.109E-02  7.167E-03  3.379E-04  1.915E-03  1.545E-02
   10.0000  6.643E-05  1.383E-02  2.491E-03  9.841E-07  3.999E-03  0.000E+00  1.312E-01  3.057E-03  8.785E-04  4.288E-02  6.679E-02  3.489E-03  3.137E-02  2.104E-02  2.104E-02  7.161E-03  3.373E-04  1.912E-03  1.545E-02
   15.0000  6.443E-05  1.381E-02  2.486E-03  9.641E-07  3.987E-03  0.000E+00  1.309E-01  3.041E-03  8.739E-04  4.287E-02  6.655E-02  3.481E-03  3.134E-02  2.094E-02  2.094E-02  7.151E-03  3.364E-04  1.906E-03  1.544E-02
   20.0000  6.166E-05  1.377E-02  2.479E-03  9.364E-07  3.969E-03  0.000E+00  1.306E-01  3.017E-03  8.671E-04  4.285E-02  6.619E-02  3.469E-03  3.130E-02  2.080E-02  2.080E-02  7.135E-03  3.349E-04  1.898E-03  1.542E-02
   25.0000  5.816E-05  1.372E-02  2.469E-03  9.014E-07  3.943E-03  0.000E+00  1.301E-01  2.985E-03  8.578E-04  4.281E-02  6.568E-02  3.452E-03  3.124E-02  2.060E-02  2.060E-02  7.112E-03  3.329E-04  1.886E-03  1.539E-02
   30.0000  5.397E-05  1.365E-02  2.454E-03  8.591E-07  3.907E-03  0.000E+00  1.293E-01  2.944E-03  8.457E-04  4.273E-02  6.499E-02  3.429E-03  3.115E-02  2.034E-02  2.034E-02  7.078E-03  3.301E-04  1.871E-03  1.534E-02
   35.0000  4.914E-05  1.354E-02  2.433E-03  8.092E-07  3.859E-03  0.000E+00  1.282E-01  2.889E-03  8.297E-04  4.261E-02  6.406E-02  3.397E-03  3.101E-02  1.999E-02  1.999E-02  7.029E-03  3.264E-04  1.849E-03  1.527E-02
   40.0000  4.377E-05  1.340E-02  2.405E-03  7.531E-07  3.796E-03  0.000E+00  1.268E-01  2.822E-03  8.101E-04  4.243E-02  6.287E-02  3.356E-03  3.083E-02  1.955E-02  1.955E-02  6.963E-03  3.216E-04  1.822E-03  1.516E-02
   45.0000  3.802E-05  1.321E-02  2.367E-03  6.904E-07  3.716E-03  0.000E+00  1.249E-01  2.739E-03  7.857E-04  4.216E-02  6.135E-02  3.302E-03  3.057E-02  1.901E-02  1.901E-02  6.874E-03  3.155E-04  1.788E-03  1.502E-02
   50.0000  3.192E-05  1.295E-02  2.315E-03  6.203E-07  3.611E-03  0.000E+00  1.223E-01  2.635E-03  7.550E-04  4.176E-02  5.937E-02  3.229E-03  3.021E-02  1.831E-02  1.831E-02  6.752E-03  3.075E-04  1.742E-03  1.481E-02
   55.0000  2.569E-05  1.259E-02  2.246E-03  5.434E-07  3.475E-03  0.000E+00  1.188E-01  2.506E-03  7.167E-04  4.117E-02  5.683E-02  3.134E-03  2.972E-02  1.743E-02  1.743E-02  6.586E-03  2.972E-04  1.684E-03  1.452E-02
   60.0000  1.956E-05  1.211E-02  2.154E-03  4.603E-07  3.298E-03  0.000E+00  1.142E-01  2.346E-03  6.693E-04  4.032E-02  5.355E-02  3.009E-03  2.902E-02  1.632E-02  1.632E-02  6.361E-03  2.838E-04  1.608E-03  1.412E-02
   65.0000  1.379E-05  1.147E-02  2.029E-03  3.720E-07  3.068E-03  0.000E+00  1.079E-01  2.146E-03  6.101E-04  3.909E-02  4.933E-02  2.842E-03  2.805E-02  1.492E-02  1.492E-02  6.055E-03  2.664E-04  1.510E-03  1.355E-02
   70.0000  8.728E-06  1.058E-02  1.858E-03  2.804E-07  2.765E-03  0.000E+00  9.938E-02  1.896E-03  5.358E-04  3.727E-02  4.384E-02  2.619E-03  2.665E-02  1.314E-02  1.314E-02  5.631E-03  2.434E-04  1.379E-03  1.274E-02
   75.0000  4.731E-06  9.323E-03  1.620E-03  1.889E-07  2.359E-03  0.000E+00  8.742E-02  1.577E-03  4.417E-04  3.450E-02  3.660E-02  2.310E-03  2.457E-02  1.084E-02  1.084E-02  5.028E-03  2.124E-04  1.204E-03  1.155E-02
   80.0000  2.055E-06  7.479E-03  1.275E-03  1.034E-07  1.800E-03  0.000E+00  6.996E-02  1.164E-03  3.208E-04  2.996E-02  2.689E-02  1.864E-03  2.125E-02  7.844E-03  7.844E-03  4.125E-03  1.688E-04  9.565E-04  9.702E-03
   85.0000  6.135E-07  4.575E-03  7.454E-04  3.479E-08  1.008E-03  0.000E+00  4.279E-02  6.198E-04  1.649E-04  2.163E-02  1.381E-02  1.173E-03  1.531E-02  3.936E-03  3.936E-03  2.659E-03  1.037E-04  5.875E-04  6.545E-03
   90.0000  7.045E-08  6.218E-04  9.213E-05  3.251E-09  1.291E-04  0.000E+00  6.119E-03  7.358E-05  1.857E-05  5.058E-03  1.500E-03  2.008E-04  4.067E-03  4.211E-04  4.211E-04  4.309E-04  1.663E-05  9.423E-05  1.239E-03
------------------------------------------------------------
