Spectral actinic flux, quanta cm-2 s-1 nm-1
values at z =      3.000 km
Columns: wavelength (nm), solar zenith angles (deg.)
    wc, nm      0.000      5.000     10.000     15.000     20.000     25.000     30.000     35.000     40.000     45.000     50.000     55.000     60.000     65.000     70.000     75.000     80.000     85.000     90.000
  120.7000  0.000E+00  0.000E+00  0.000E+00  0.000E+00  0.000E+00  0.000E+00  0.000E+00  0.000E+00  0.000E+00  0.000E+00  0.000E+00  0.000E+00  0.000E+00  0.000E+00  0.000E+00  0.000E+00  0.000E+00  0.000E+00  0.000E+00
  121.6500  0.000E+00  0.000E+00  0.000E+00  0.000E+00  0.000E+00  0.000E+00  0.000E+00  0.000E+00  0.000E+00  0.000E+00  0.000E+00  0.000E+00  0.000E+00  0.000E+00  0.000E+00  0.000E+00  0.000E+00  0.000E+00  0.000E+00
  122.1000  0.000E+00  0.000E+00  0.000E+00  0.000E+00  0.000E+00  0.000E+00  0.000E+00  0.000E+00  0.000E+00  0.000E+00  0.000E+00  0.000E+00  0.000E+00  0.000E+00  0.000E+00  0.000E+00  0.000E+00  0.000E+00  0.000E+00
  122.7000  0.000E+00  0.000E+00  0.000E+00  0.000E+00  0.000E+00  0.000E+00  0.000E+00  0.000E+00  0.000E+00  0.000E+00  0.000E+00  0.000E+00  0.000E+00  0.000E+00  0.000E+00  0.000E+00  0.000E+00  0.000E+00  0.000E+00
  123.4500  0.000E+00  0.000E+00  0.000E+00  0.000E+00  0.000E+00  0.000E+00  0.000E+00  0.000E+00  0.000E+00  0.000E+00  0.000E+00  0.000E+00  0.000E+00  0.000E+00  0.000E+00  0.000E+00  0.000E+00  0.000E+00  0.000E+00
  124.2000  0.000E+00  0.000E+00  0.000E+00  0.000E+00  0.000E+00  0.000E+00  0.000E+00  0.000E+00  0.000E+00  0.000E+00  0.000E+00  0.000E+00  0.000E+00  0.000E+00  0.000E+00  0.000E+00  0.000E+00  0.000E+00  0.000E+00
  125.0000  0.000E+00  0.000E+00  0.000E+00  0.000E+00  0.000E+00  0.000E+00  0.000E+00  0.000E+00  0.000E+00  0.000E+00  0.000E+00  0.000E+00  0.000E+00  0.000E+00  0.000E+00  0.000E+00  0.000E+00  0.000E+00  0.000E+00
  125.8000  0.000E+00  0.000E+00  0.000E+00  0.000E+00  0.000E+00  0.000E+00  0.000E+00  0.000E+00  0.000E+00  0.000E+00  0.000E+00  0.000E+00  0.000E+00  0.000E+00  0.000E+00  0.000E+00  0.000E+00  0.000E+00  0.000E+00
  126.6000  0.000E+00  0.000E+00  0.000E+00  0.000E+00  0.000E+00  0.000E+00  0.000E+00  0.000E+00  0.000E+00  0.000E+00  0.000E+00  0.000E+00  0.000E+00  0.000E+00  0.000E+00  0.000E+00  0.000E+00  0.000E+00  0.000E+00
  127.8000  0.000E+00  0.000E+00  0.000E+00  0.000E+00  0.000E+00  0.000E+00  0.000E+00  0.000E+00  0.000E+00  0.000E+00  0.000E+00  0.000E+00  0.000E+00  0.000E+00  0.000E+00  0.000E+00  0.000E+00  0.000E+00  0.000E+00
  129.0000  0.000E+00  0.000E+00  0.000E+00  0.000E+00  0.000E+00  0.000E+00  0.000E+00  0.000E+00  0.000E+00  0.000E+00  0.000E+00  0.000E+00  0.000E+00  0.000E+00  0.000E+00  0.000E+00  0.000E+00  0.000E+00  0.000E+00
  129.8500  0.000E+00  0.000E+00  0.000E+00  0.000E+00  0.000E+00  0.000E+00  0.000E+00  0.000E+00  0.000E+00  0.000E+00  0.000E+00  0.000E+00  0.000E+00  0.000E+00  0.000E+00  0.000E+00  0.000E+00  0.000E+00  0.000E+00
  131.1500  0.000E+00  0.000E+00  0.000E+00  0.000E+00  0.000E+00  0.000E+00  0.000E+00  0.000E+00  0.000E+00  0.000E+00  0.000E+00  0.000E+00  0.000E+00  0.000E+00  0.000E+00  0.000E+00  0.000E+00  0.000E+00  0.000E+00
  133.5000  0.000E+00  0.000E+00  0.000E+00  0.000E+00  0.000E+00  0.000E+00  0.000E+00  0.000E+00  0.000E+00  0.000E+00  0.000E+00  0.000E+00  0.000E+00  0.000E+00  0.000E+00  0.000E+00  0.000E+00  0.000E+00  0.000E+00
  136.0000  0.000E+00  0.000E+00  0.000E+00  0.000E+00  0.000E+00  0.000E+00  0.000E+00  0.000E+00  0.000E+00  0.000E+00  0.000E+00  0.000E+00  0.000E+00  0.000E+00  0.000E+00  0.000E+00  0.000E+00  0.000E+00  0.000E+00
  141.0000  0.000E+00  0.000E+00  0.000E+00  0.000E+00  0.000E+00  0.000E+00  0.000E+00  0.000E+00  0.000E+00  0.000E+00  0.000E+00  0.000E+00  0.000E+00  0.000E+00  0.000E+00  0.000E+00  0.000E+00  0.000E+00  0.000E+00
  150.0000  0.000E+00  0.000E+00  0.000E+00  0.000E+00  0.000E+00  0.000E+00  0.000E+00  0.000E+00  0.000E+00  0.000E+00  0.000E+00  0.000E+00  0.000E+00  0.000E+00  0.000E+00  0.000E+00  0.000E+00  0.000E+00  0.000E+00
  160.0000  0.000E+00  0.000E+00  0.000E+00  0.000E+00  0.000E+00  0.000E+00  0.000E+00  0.000E+00  0.000E+00  0.000E+00  0.000E+00  0.000E+00  0.000E+00  0.000E+00  0.000E+00  0.000E+00  0.000E+00  0.000E+00  0.000E+00
  167.5000  0.000E+00  0.000E+00  0.000E+00  0.000E+00  0.000E+00  0.000E+00  0.000E+00  0.000E+00  0.000E+00  0.000E+00  0.000E+00  0.000E+00  0.000E+00  0.000E+00  0.000E+00  0.000E+00  0.000E+00  0.000E+00  0.000E+00
  172.2000  0.000E+00  0.000E+00  0.000E+00  0.000E+00  0.000E+00  0.000E+00  0.000E+00  0.000E+00  0.000E+00  0.000E+00  0.000E+00  0.000E+00  0.000E+00  0.000E+00  0.000E+00  0.000E+00  0.000E+00  0.000E+00  0.000E+00
  175.7000  0.000E+00  0.000E+00  0.000E+00  0.000E+00  0.000E+00  0.000E+00  0.000E+00  0.000E+00  0.000E+00  0.000E+00  0.000E+00  0.000E+00  0.000E+00  0.000E+00  0.000E+00  0.000E+00  0.000E+00  0.000E+00  0.000E+00
  177.8000  0.000E+00  0.000E+00  0.000E+00  0.000E+00  0.000E+00  0.000E+00  0.000E+00  0.000E+00  0.000E+00  0.000E+00  0.000E+00  0.000E+00  0.000E+00  0.000E+00  0.000E+00  0.000E+00  0.000E+00  0.000E+00  0.000E+00
  179.4000  0.000E+00  0.000E+00  0.000E+00  0.000E+00  0.000E+00  0.000E+00  0.000E+00  0.000E+00  0.000E+00  0.000E+00  0.000E+00  0.000E+00  0.000E+00  0.000E+00  0.000E+00  0.000E+00  0.000E+00  0.000E+00  0.000E+00
  181.0000  0.000E+00  0.000E+00  0.000E+00  0.000E+00  0.000E+00  0.000E+00  0.000E+00  0.000E+00  0.000E+00  0.000E+00  0.000E+00  0.000E+00  0.000E+00  0.000E+00  0.000E+00  0.000E+00  0.000E+00  0.000E+00  0.000E+00
  182.6500  0.000E+00  0.000E+00  0.000E+00  0.000E+00  0.000E+00  0.000E+00  0.000E+00  0.000E+00  0.000E+00  0.000E+00  0.000E+00  0.000E+00  0.000E+00  0.000E+00  0.000E+00  0.000E+00  0.000E+00  0.000E+00  0.000E+00
  184.3500  0.000E+00  0.000E+00  0.000E+00  0.000E+00  0.000E+00  0.000E+00  0.000E+00  0.000E+00  0.000E+00  0.000E+00  0.000E+00  0.000E+00  0.000E+00  0.000E+00  0.000E+00  0.000E+00  0.000E+00  0.000E+00  0.000E+00
  186.0500  0.000E+00  0.000E+00  0.000E+00  0.000E+00  0.000E+00  0.000E+00  0.000E+00  0.000E+00  0.000E+00  0.000E+00  0.000E+00  0.000E+00  0.000E+00  0.000E+00  0.000E+00  0.000E+00  0.000E+00  0.000E+00  0.000E+00
  187.8000  0.000E+00  0.000E+00  0.000E+00  0.000E+00  0.000E+00  0.000E+00  0.000E+00  0.000E+00  0.000E+00  0.000E+00  0.000E+00  0.000E+00  0.000E+00  0.000E+00  0.000E+00  0.000E+00  0.000E+00  0.000E+00  0.000E+00
  189.6000  0.000E+00  0.000E+00  0.000E+00  0.000E+00  0.000E+00  0.000E+00  0.000E+00  0.000E+00  0.000E+00  0.000E+00  0.000E+00  0.000E+00  0.000E+00  0.000E+00  0.000E+00  0.000E+00  0.000E+00  0.000E+00  0.000E+00
  191.4000  0.000E+00  0.000E+00  0.000E+00  0.000E+00  0.000E+00  0.000E+00  0.000E+00  0.000E+00  0.000E+00  0.000E+00  0.000E+00  0.000E+00  0.000E+00  0.000E+00  0.000E+00  0.000E+00  0.000E+00  0.000E+00  0.000E+00
  193.2500  0.000E+00  0.000E+00  0.000E+00  0.000E+00  0.000E+00  0.000E+00  0.000E+00  0.000E+00  0.000E+00  0.000E+00  0.000E+00  0.000E+00  0.000E+00  0.000E+00  0.000E+00  0.000E+00  0.000E+00  0.000E+00  0.000E+00
  195.1500  0.000E+00  0.000E+00  0.000E+00  0.000E+00  0.000E+00  0.000E+00  0.000E+00  0.000E+00  0.000E+00  0.000E+00  0.000E+00  0.000E+00  0.000E+00  0.000E+00  0.000E+00  0.000E+00  0.000E+00  0.000E+00  0.000E+00
  197.0500  0.000E+00  0.000E+00  0.000E+00  0.000E+00  0.000E+00  0.000E+00  0.000E+00  0.000E+00  0.000E+00  0.000E+00  0.000E+00  0.000E+00  0.000E+00  0.000E+00  0.000E+00  0.000E+00  0.000E+00  0.000E+00  0.000E+00
  199.0000  0.000E+00  0.000E+00  0.000E+00  0.000E+00  0.000E+00  0.000E+00  0.000E+00  0.000E+00  0.000E+00  0.000E+00  0.000E+00  0.000E+00  0.000E+00  0.000E+00  0.000E+00  0.000E+00  0.000E+00  0.000E+00  0.000E+00
  201.0000  0.000E+00  0.000E+00  0.000E+00  0.000E+00  0.000E+00  0.000E+00  0.000E+00  0.000E+00  0.000E+00  0.000E+00  0.000E+00  0.000E+00  0.000E+00  0.000E+00  0.000E+00  0.000E+00  0.000E+00  0.000E+00  0.000E+00
  203.0500  0.000E+00  0.000E+00  0.000E+00  0.000E+00  0.000E+00  0.000E+00  0.000E+00  0.000E+00  0.000E+00  0.000E+00  0.000E+00  0.000E+00  0.000E+00  0.000E+00  0.000E+00  0.000E+00  0.000E+00  0.000E+00  0.000E+00
  204.9500  0.000E+00  0.000E+00  0.000E+00  0.000E+00  0.000E+00  0.000E+00  0.000E+00  0.000E+00  0.000E+00  0.000E+00  0.000E+00  0.000E+00  0.000E+00  0.000E+00  0.000E+00  0.000E+00  0.000E+00  0.000E+00  0.000E+00
  207.0665  0.000E+00  0.000E+00  0.000E+00  0.000E+00  0.000E+00  0.000E+00  0.000E+00  0.000E+00  0.000E+00  0.000E+00  0.000E+00  0.000E+00  0.000E+00  0.000E+00  0.000E+00  0.000E+00  0.000E+00  0.000E+00  0.000E+00
  209.4295  0.000E+00  0.000E+00  0.000E+00  0.000E+00  0.000E+00  0.000E+00  0.000E+00  0.000E+00  0.000E+00  0.000E+00  0.000E+00  0.000E+00  0.000E+00  0.000E+00  0.000E+00  0.000E+00  0.000E+00  0.000E+00  0.000E+00
  211.6460  0.000E+00  0.000E+00  0.000E+00  0.000E+00  0.000E+00  0.000E+00  0.000E+00  0.000E+00  0.000E+00  0.000E+00  0.000E+00  0.000E+00  0.000E+00  0.000E+00  0.000E+00  0.000E+00  0.000E+00  0.000E+00  0.000E+00
  213.9100  0.000E+00  0.000E+00  0.000E+00  0.000E+00  0.000E+00  0.000E+00  0.000E+00  0.000E+00  0.000E+00  0.000E+00  0.000E+00  0.000E+00  0.000E+00  0.000E+00  0.000E+00  0.000E+00  0.000E+00  0.000E+00  0.000E+00
  216.2225  0.000E+00  0.000E+00  0.000E+00  0.000E+00  0.000E+00  0.000E+00  0.000E+00  0.000E+00  0.000E+00  0.000E+00  0.000E+00  0.000E+00  0.000E+00  0.000E+00  0.000E+00  0.000E+00  0.000E+00  0.000E+00  0.000E+00
  218.5855  0.000E+00  0.000E+00  0.000E+00  0.000E+00  0.000E+00  0.000E+00  0.000E+00  0.000E+00  0.000E+00  0.000E+00  0.000E+00  0.000E+00  0.000E+00  0.000E+00  0.000E+00  0.000E+00  0.000E+00  0.000E+00  0.000E+00
  221.0010  0.000E+00  0.000E+00  0.000E+00  0.000E+00  0.000E+00  0.000E+00  0.000E+00  0.000E+00  0.000E+00  0.000E+00  0.000E+00  0.000E+00  0.000E+00  0.000E+00  0.000E+00  0.000E+00  0.000E+00  0.000E+00  0.000E+00
  223.4705  0.000E+00  0.000E+00  0.000E+00  0.000E+00  0.000E+00  0.000E+00  0.000E+00  0.000E+00  0.000E+00  0.000E+00  0.000E+00  0.000E+00  0.000E+00  0.000E+00  0.000E+00  0.000E+00  0.000E+00  0.000E+00  0.000E+00
  225.9960  0.000E+00  0.000E+00  0.000E+00  0.000E+00  0.000E+00  0.000E+00  0.000E+00  0.000E+00  0.000E+00  0.000E+00  0.000E+00  0.000E+00  0.000E+00  0.000E+00  0.000E+00  0.000E+00  0.000E+00  0.000E+00  0.000E+00
  228.5790  0.000E+00  0.000E+00  0.000E+00  0.000E+00  0.000E+00  0.000E+00  0.000E+00  0.000E+00  0.000E+00  0.000E+00  0.000E+00  0.000E+00  0.000E+00  0.000E+00  0.000E+00  0.000E+00  0.000E+00  0.000E+00  0.000E+00
  231.2215  0.000E+00  0.000E+00  0.000E+00  0.000E+00  0.000E+00  0.000E+00  0.000E+00  0.000E+00  0.000E+00  0.000E+00  0.000E+00  0.000E+00  0.000E+00  0.000E+00  0.000E+00  0.000E+00  0.000E+00  0.000E+00  0.000E+00
  233.9260  0.000E+00  0.000E+00  0.000E+00  0.000E+00  0.000E+00  0.000E+00  0.000E+00  0.000E+00  0.000E+00  0.000E+00  0.000E+00  0.000E+00  0.000E+00  0.000E+00  0.000E+00  0.000E+00  0.000E+00  0.000E+00  0.000E+00
  236.6945  0.000E+00  0.000E+00  0.000E+00  0.000E+00  0.000E+00  0.000E+00  0.000E+00  0.000E+00  0.000E+00  0.000E+00  0.000E+00  0.000E+00  0.000E+00  0.000E+00  0.000E+00  0.000E+00  0.000E+00  0.000E+00  0.000E+00
  239.5295  0.000E+00  0.000E+00  0.000E+00  0.000E+00  0.000E+00  0.000E+00  0.000E+00  0.000E+00  0.000E+00  0.000E+00  0.000E+00  0.000E+00  0.000E+00  0.000E+00  0.000E+00  0.000E+00  0.000E+00  0.000E+00  0.000E+00
  242.4330  0.000E+00  0.000E+00  0.000E+00  0.000E+00  0.000E+00  0.000E+00  0.000E+00  0.000E+00  0.000E+00  0.000E+00  0.000E+00  0.000E+00  0.000E+00  0.000E+00  0.000E+00  0.000E+00  0.000E+00  0.000E+00  0.000E+00
  245.4080  0.000E+00  0.000E+00  0.000E+00  0.000E+00  0.000E+00  0.000E+00  0.000E+00  0.000E+00  0.000E+00  0.000E+00  0.000E+00  0.000E+00  0.000E+00  0.000E+00  0.000E+00  0.000E+00  0.000E+00  0.000E+00  0.000E+00
  248.4570  0.000E+00  0.000E+00  0.000E+00  0.000E+00  0.000E+00  0.000E+00  0.000E+00  0.000E+00  0.000E+00  0.000E+00  0.000E+00  0.000E+00  0.000E+00  0.000E+00  0.000E+00  0.000E+00  0.000E+00  0.000E+00  0.000E+00
  251.5825  0.000E+00  0.000E+00  0.000E+00  0.000E+00  0.000E+00  0.000E+00  0.000E+00  0.000E+00  0.000E+00  0.000E+00  0.000E+00  0.000E+00  0.000E+00  0.000E+00  0.000E+00  0.000E+00  0.000E+00  0.000E+00  0.000E+00
  254.7875  0.000E+00  0.000E+00  0.000E+00  0.000E+00  0.000E+00  0.000E+00  0.000E+00  0.000E+00  0.000E+00  0.000E+00  0.000E+00  0.000E+00  0.000E+00  0.000E+00  0.000E+00  0.000E+00  0.000E+00  0.000E+00  0.000E+00
  258.0750  0.000E+00  0.000E+00  0.000E+00  0.000E+00  0.000E+00  0.000E+00  0.000E+00  0.000E+00  0.000E+00  0.000E+00  0.000E+00  0.000E+00  0.000E+00  0.000E+00  0.000E+00  0.000E+00  0.000E+00  0.000E+00  0.000E+00
  261.4490  0.000E+00  0.000E+00  0.000E+00  0.000E+00  0.000E+00  0.000E+00  0.000E+00  0.000E+00  0.000E+00  0.000E+00  0.000E+00  0.000E+00  0.000E+00  0.000E+00  0.000E+00  0.000E+00  0.000E+00  0.000E+00  0.000E+00
  264.9125  0.000E+00  0.000E+00  0.000E+00  0.000E+00  0.000E+00  0.000E+00  0.000E+00  0.000E+00  0.000E+00  0.000E+00  0.000E+00  0.000E+00  0.000E+00  0.000E+00  0.000E+00  0.000E+00  0.000E+00  0.000E+00  0.000E+00
  268.4685  0.000E+00  0.000E+00  0.000E+00  0.000E+00  0.000E+00  0.000E+00  0.000E+00  0.000E+00  0.000E+00  0.000E+00  0.000E+00  0.000E+00  0.000E+00  0.000E+00  0.000E+00  0.000E+00  0.000E+00  0.000E+00  0.000E+00
  272.1215  0.000E+00  0.000E+00  0.000E+00  0.000E+00  0.000E+00  0.000E+00  0.000E+00  0.000E+00  0.000E+00  0.000E+00  0.000E+00  0.000E+00  0.000E+00  0.000E+00  0.000E+00  0.000E+00  0.000E+00  0.000E+00  0.000E+00
  275.8755  0.000E+00  0.000E+00  0.000E+00  0.000E+00  0.000E+00  0.000E+00  0.000E+00  0.000E+00  0.000E+00  0.000E+00  0.000E+00  0.000E+00  0.000E+00  0.000E+00  0.000E+00  0.000E+00  0.000E+00  0.000E+00  0.000E+00
  279.7340  0.000E+00  0.000E+00  0.000E+00  0.000E+00  0.000E+00  0.000E+00  0.000E+00  0.000E+00  0.000E+00  0.000E+00  0.000E+00  0.000E+00  0.000E+00  0.000E+00  0.000E+00  0.000E+00  0.000E+00  0.000E+00  0.000E+00
  283.7020  0.000E+00  0.000E+00  0.000E+00  0.000E+00  0.000E+00  0.000E+00  0.000E+00  0.000E+00  0.000E+00  0.000E+00  0.000E+00  0.000E+00  0.000E+00  0.000E+00  0.000E+00  0.000E+00  0.000E+00  0.000E+00  0.000E+00
  287.7845  0.000E+00  0.000E+00  0.000E+00  0.000E+00  0.000E+00  0.000E+00  0.000E+00  0.000E+00  0.000E+00  0.000E+00  0.000E+00  0.000E+00  0.000E+00  0.000E+00  0.000E+00  0.000E+00  0.000E+00  0.000E+00  0.000E+00
  291.9865  2.005E+10  1.936E+10  1.743E+10  1.456E+10  1.121E+10  7.876E+09  4.968E+09  2.743E+09  1.301E+09  5.105E+08  1.594E+08  4.134E+07  1.220E+07  5.959E+06  3.811E+06  2.563E+06  1.710E+06  1.044E+06  4.248E+05
  296.3090  8.273E+11  8.104E+11  7.610E+11  6.835E+11  5.846E+11  4.732E+11  3.591E+11  2.515E+11  1.604E+11  9.094E+10  4.403E+10  1.756E+10  5.680E+09  1.724E+09  7.255E+08  4.239E+08  2.628E+08  1.505E+08  5.862E+07
  300.5000  6.667E+12  6.583E+12  6.335E+12  5.932E+12  5.391E+12  4.737E+12  3.999E+12  3.214E+12  2.435E+12  1.716E+12  1.091E+12  6.074E+11  2.822E+11  1.043E+11  3.184E+10  1.133E+10  5.767E+09  2.982E+09  1.069E+09
  303.0000  2.203E+13  2.182E+13  2.121E+13  2.019E+13  1.881E+13  1.707E+13  1.504E+13  1.280E+13  1.038E+13  7.981E+12  5.679E+12  3.646E+12  2.028E+12  9.226E+11  3.231E+11  9.405E+10  3.479E+10  1.603E+10  5.296E+09
  304.0000  2.525E+13  2.504E+13  2.439E+13  2.332E+13  2.184E+13  1.999E+13  1.780E+13  1.528E+13  1.265E+13  9.934E+12  7.262E+12  4.828E+12  2.809E+12  1.352E+12  5.016E+11  1.458E+11  4.853E+10  2.121E+10  6.806E+09
  305.0000  3.666E+13  3.638E+13  3.554E+13  3.415E+13  3.222E+13  2.978E+13  2.686E+13  2.356E+13  1.982E+13  1.599E+13  1.210E+13  8.406E+12  5.181E+12  2.685E+12  1.085E+12  3.275E+11  9.588E+10  3.785E+10  1.157E+10
  306.0000  3.581E+13  3.556E+13  3.481E+13  3.356E+13  3.182E+13  2.960E+13  2.692E+13  2.381E+13  2.036E+13  1.671E+13  1.292E+13  9.240E+12  5.912E+12  3.217E+12  1.381E+12  4.356E+11  1.195E+11  4.312E+10  1.267E+10
  307.0000  4.800E+13  4.770E+13  4.678E+13  4.526E+13  4.313E+13  4.039E+13  3.706E+13  3.312E+13  2.876E+13  2.404E+13  1.903E+13  1.403E+13  9.340E+12  5.360E+12  2.462E+12  8.280E+11  2.182E+11  6.980E+10  1.942E+10
  308.0000  5.837E+13  5.804E+13  5.703E+13  5.535E+13  5.298E+13  4.993E+13  4.619E+13  4.172E+13  3.670E+13  3.119E+13  2.523E+13  1.912E+13  1.321E+13  7.960E+12  3.902E+12  1.411E+12  3.717E+11  1.051E+11  2.733E+10
  309.0000  6.178E+13  6.145E+13  6.045E+13  5.877E+13  5.641E+13  5.335E+13  4.958E+13  4.501E+13  3.993E+13  3.426E+13  2.805E+13  2.160E+13  1.524E+13  9.444E+12  4.807E+12  1.815E+12  4.853E+11  1.277E+11  3.166E+10
  310.0000  6.308E+13  6.278E+13  6.188E+13  6.036E+13  5.820E+13  5.539E+13  5.191E+13  4.765E+13  4.282E+13  3.737E+13  3.128E+13  2.478E+13  1.816E+13  1.185E+13  6.472E+12  2.680E+12  7.630E+11  1.795E+11  3.961E+10
  311.0000  1.076E+14  1.072E+14  1.057E+14  1.032E+14  9.976E+13  9.521E+13  8.954E+13  8.258E+13  7.464E+13  6.560E+13  5.543E+13  4.445E+13  3.309E+13  2.207E+13  1.242E+13  5.350E+12  1.577E+12  3.581E+11  7.455E+10
  312.0000  9.809E+13  9.769E+13  9.647E+13  9.441E+13  9.148E+13  8.763E+13  8.282E+13  7.682E+13  7.003E+13  6.217E+13  5.322E+13  4.340E+13  3.304E+13  2.272E+13  1.334E+13  6.090E+12  1.911E+12  4.225E+11  7.975E+10
  313.0000  1.119E+14  1.115E+14  1.102E+14  1.080E+14  1.050E+14  1.009E+14  9.583E+13  8.950E+13  8.216E+13  7.366E+13  6.385E+13  5.293E+13  4.119E+13  2.917E+13  1.786E+13  8.653E+12  2.915E+12  6.483E+11  1.101E+11
  314.0000  1.230E+14  1.226E+14  1.212E+14  1.189E+14  1.157E+14  1.114E+14  1.060E+14  9.924E+13  9.142E+13  8.230E+13  7.172E+13  5.986E+13  4.700E+13  3.370E+13  2.098E+13  1.041E+13  3.605E+12  8.070E+11  1.313E+11
  316.0000  1.295E+14  1.291E+14  1.279E+14  1.259E+14  1.229E+14  1.190E+14  1.140E+14  1.077E+14  1.003E+14  9.159E+13  8.128E+13  6.948E+13  5.630E+13  4.215E+13  2.790E+13  1.511E+13  5.911E+12  1.446E+12  2.035E+11
  320.0000  1.704E+14  1.699E+14  1.686E+14  1.665E+14  1.633E+14  1.590E+14  1.536E+14  1.466E+14  1.382E+14  1.282E+14  1.161E+14  1.019E+14  8.553E+13  6.717E+13  4.755E+13  2.841E+13  1.279E+13  3.697E+12  4.899E+11
  325.0000  2.213E+14  2.208E+14  2.195E+14  2.172E+14  2.138E+14  2.093E+14  2.034E+14  1.958E+14  1.865E+14  1.753E+14  1.615E+14  1.448E+14  1.250E+14  1.021E+14  7.628E+13  4.932E+13  2.498E+13  8.574E+12  1.291E+12
  330.0000  2.754E+14  2.749E+14  2.735E+14  2.710E+14  2.674E+14  2.624E+14  2.559E+14  2.475E+14  2.372E+14  2.244E+14  2.086E+14  1.893E+14  1.659E+14  1.382E+14  1.063E+14  7.148E+13  3.826E+13  1.422E+13  2.434E+12
  335.0000  2.617E+14  2.613E+14  2.601E+14  2.580E+14  2.549E+14  2.507E+14  2.451E+14  2.378E+14  2.288E+14  2.177E+14  2.037E+14  1.863E+14  1.652E+14  1.396E+14  1.095E+14  7.571E+13  4.202E+13  1.638E+13  3.101E+12
  340.0000  2.827E+14  2.823E+14  2.811E+14  2.791E+14  2.760E+14  2.718E+14  2.663E+14  2.590E+14  2.499E+14  2.385E+14  2.241E+14  2.062E+14  1.841E+14  1.571E+14  1.248E+14  8.775E+13  4.965E+13  1.962E+13  3.869E+12
  345.0000  2.768E+14  2.765E+14  2.754E+14  2.735E+14  2.707E+14  2.669E+14  2.619E+14  2.551E+14  2.467E+14  2.362E+14  2.227E+14  2.059E+14  1.849E+14  1.590E+14  1.275E+14  9.083E+13  5.210E+13  2.065E+13  4.132E+12
  350.0000  2.872E+14  2.869E+14  2.858E+14  2.840E+14  2.813E+14  2.776E+14  2.727E+14  2.660E+14  2.577E+14  2.472E+14  2.338E+14  2.169E+14  1.956E+14  1.692E+14  1.367E+14  9.832E+13  5.687E+13  2.237E+13  4.414E+12
  355.0000  3.017E+14  3.013E+14  3.003E+14  2.985E+14  2.959E+14  2.922E+14  2.873E+14  2.808E+14  2.725E+14  2.620E+14  2.484E+14  2.312E+14  2.095E+14  1.823E+14  1.485E+14  1.079E+14  6.314E+13  2.477E+13  4.861E+12
  360.0000  2.741E+14  2.738E+14  2.729E+14  2.714E+14  2.692E+14  2.661E+14  2.619E+14  2.562E+14  2.490E+14  2.399E+14  2.281E+14  2.130E+14  1.938E+14  1.696E+14  1.392E+14  1.021E+14  6.037E+13  2.362E+13  4.580E+12
  365.0000  3.465E+14  3.462E+14  3.452E+14  3.434E+14  3.407E+14  3.370E+14  3.320E+14  3.252E+14  3.166E+14  3.055E+14  2.911E+14  2.727E+14  2.491E+14  2.191E+14  1.811E+14  1.341E+14  8.016E+13  3.131E+13  5.985E+12
  370.0000  3.584E+14  3.581E+14  3.571E+14  3.554E+14  3.528E+14  3.492E+14  3.443E+14  3.376E+14  3.291E+14  3.182E+14  3.038E+14  2.854E+14  2.616E+14  2.312E+14  1.924E+14  1.438E+14  8.691E+13  3.393E+13  6.380E+12
  375.0000  3.223E+14  3.220E+14  3.212E+14  3.197E+14  3.175E+14  3.145E+14  3.103E+14  3.046E+14  2.973E+14  2.879E+14  2.755E+14  2.594E+14  2.387E+14  2.119E+14  1.774E+14  1.338E+14  8.177E+13  3.196E+13  5.900E+12
  380.0000  3.690E+14  3.687E+14  3.678E+14  3.662E+14  3.639E+14  3.606E+14  3.561E+14  3.499E+14  3.419E+14  3.315E+14  3.179E+14  3.001E+14  2.770E+14  2.470E+14  2.081E+14  1.583E+14  9.782E+13  3.834E+13  6.944E+12
  385.0000  2.772E+14  2.770E+14  2.764E+14  2.753E+14  2.736E+14  2.713E+14  2.681E+14  2.636E+14  2.579E+14  2.504E+14  2.405E+14  2.276E+14  2.107E+14  1.887E+14  1.599E+14  1.227E+14  7.667E+13  3.018E+13  5.357E+12
  390.0000  3.609E+14  3.606E+14  3.599E+14  3.586E+14  3.565E+14  3.536E+14  3.497E+14  3.442E+14  3.370E+14  3.277E+14  3.153E+14  2.990E+14  2.777E+14  2.496E+14  2.127E+14  1.645E+14  1.040E+14  4.117E+13  7.157E+12
  395.0000  2.793E+14  2.791E+14  2.785E+14  2.776E+14  2.761E+14  2.740E+14  2.711E+14  2.670E+14  2.617E+14  2.548E+14  2.455E+14  2.333E+14  2.173E+14  1.961E+14  1.680E+14  1.309E+14  8.369E+13  3.337E+13  5.679E+12
  400.0000  5.174E+14  5.171E+14  5.161E+14  5.144E+14  5.119E+14  5.082E+14  5.030E+14  4.958E+14  4.865E+14  4.742E+14  4.576E+14  4.357E+14  4.068E+14  3.684E+14  3.173E+14  2.492E+14  1.611E+14  6.478E+13  1.078E+13
  405.0000  5.267E+14  5.264E+14  5.255E+14  5.239E+14  5.214E+14  5.178E+14  5.128E+14  5.059E+14  4.967E+14  4.847E+14  4.684E+14  4.469E+14  4.182E+14  3.801E+14  3.289E+14  2.602E+14  1.700E+14  6.905E+13  1.124E+13
  410.0000  5.425E+14  5.422E+14  5.413E+14  5.398E+14  5.373E+14  5.338E+14  5.290E+14  5.221E+14  5.131E+14  5.011E+14  4.850E+14  4.634E+14  4.348E+14  3.964E+14  3.446E+14  2.745E+14  1.813E+14  7.442E+13  1.184E+13
  415.0000  5.648E+14  5.645E+14  5.637E+14  5.621E+14  5.598E+14  5.563E+14  5.515E+14  5.446E+14  5.356E+14  5.236E+14  5.074E+14  4.857E+14  4.566E+14  4.176E+14  3.647E+14  2.924E+14  1.952E+14  8.106E+13  1.261E+13
  420.0000  5.699E+14  5.696E+14  5.688E+14  5.673E+14  5.650E+14  5.617E+14  5.571E+14  5.504E+14  5.417E+14  5.301E+14  5.142E+14  4.930E+14  4.645E+14  4.260E+14  3.736E+14  3.015E+14  2.034E+14  8.548E+13  1.300E+13
  425.0000  5.440E+14  5.437E+14  5.430E+14  5.417E+14  5.396E+14  5.366E+14  5.323E+14  5.263E+14  5.183E+14  5.075E+14  4.929E+14  4.732E+14  4.467E+14  4.109E+14  3.617E+14  2.937E+14  2.001E+14  8.515E+13  1.264E+13
  430.0000  5.020E+14  5.018E+14  5.011E+14  5.000E+14  4.982E+14  4.955E+14  4.918E+14  4.864E+14  4.793E+14  4.697E+14  4.567E+14  4.391E+14  4.153E+14  3.829E+14  3.385E+14  2.765E+14  1.902E+14  8.204E+13  1.192E+13
  435.0000  5.831E+14  5.829E+14  5.822E+14  5.809E+14  5.789E+14  5.759E+14  5.718E+14  5.658E+14  5.578E+14  5.471E+14  5.324E+14  5.125E+14  4.856E+14  4.489E+14  3.982E+14  3.272E+14  2.272E+14  9.932E+13  1.411E+13
  440.0000  6.003E+14  6.001E+14  5.994E+14  5.982E+14  5.962E+14  5.933E+14  5.892E+14  5.832E+14  5.753E+14  5.646E+14  5.499E+14  5.300E+14  5.030E+14  4.661E+14  4.149E+14  3.426E+14  2.400E+14  1.063E+14  1.475E+13
  445.0000  6.456E+14  6.453E+14  6.446E+14  6.433E+14  6.413E+14  6.383E+14  6.341E+14  6.279E+14  6.197E+14  6.086E+14  5.932E+14  5.724E+14  5.441E+14  5.053E+14  4.512E+14  3.746E+14  2.647E+14  1.188E+14  1.613E+13
  450.0000  6.876E+14  6.874E+14  6.867E+14  6.854E+14  6.833E+14  6.803E+14  6.759E+14  6.696E+14  6.611E+14  6.497E+14  6.338E+14  6.122E+14  5.828E+14  5.424E+14  4.859E+14  4.054E+14  2.889E+14  1.316E+14  1.750E+13
  455.0000  6.741E+14  6.739E+14  6.732E+14  6.720E+14  6.701E+14  6.672E+14  6.631E+14  6.571E+14  6.491E+14  6.382E+14  6.231E+14  6.025E+14  5.743E+14  5.355E+14  4.812E+14  4.034E+14  2.898E+14  1.338E+14  1.745E+13
  460.0000  6.948E+14  6.946E+14  6.939E+14  6.927E+14  6.907E+14  6.879E+14  6.837E+14  6.777E+14  6.696E+14  6.587E+14  6.435E+14  6.227E+14  5.943E+14  5.550E+14  4.999E+14  4.206E+14  3.042E+14  1.420E+14  1.801E+13
  465.0000  6.885E+14  6.883E+14  6.877E+14  6.865E+14  6.847E+14  6.820E+14  6.780E+14  6.723E+14  6.645E+14  6.540E+14  6.393E+14  6.193E+14  5.918E+14  5.537E+14  5.001E+14  4.227E+14  3.081E+14  1.459E+14  1.821E+13
  470.0000  6.865E+14  6.863E+14  6.857E+14  6.846E+14  6.828E+14  6.802E+14  6.764E+14  6.708E+14  6.633E+14  6.531E+14  6.388E+14  6.193E+14  5.925E+14  5.554E+14  5.029E+14  4.268E+14  3.134E+14  1.504E+14  1.845E+13
  475.0000  6.963E+14  6.961E+14  6.955E+14  6.944E+14  6.927E+14  6.901E+14  6.863E+14  6.808E+14  6.734E+14  6.633E+14  6.492E+14  6.299E+14  6.033E+14  5.663E+14  5.140E+14  4.378E+14  3.236E+14  1.573E+14  1.894E+13
  480.0000  7.175E+14  7.173E+14  7.167E+14  7.156E+14  7.138E+14  7.112E+14  7.073E+14  7.018E+14  6.942E+14  6.839E+14  6.696E+14  6.499E+14  6.229E+14  5.853E+14  5.319E+14  4.541E+14  3.370E+14  1.649E+14  1.925E+13
  485.0000  6.537E+14  6.535E+14  6.530E+14  6.520E+14  6.504E+14  6.481E+14  6.447E+14  6.397E+14  6.330E+14  6.238E+14  6.110E+14  5.935E+14  5.694E+14  5.357E+14  4.879E+14  4.179E+14  3.120E+14  1.546E+14  1.777E+13
  490.0000  6.831E+14  6.829E+14  6.824E+14  6.814E+14  6.798E+14  6.774E+14  6.740E+14  6.689E+14  6.621E+14  6.528E+14  6.398E+14  6.219E+14  5.972E+14  5.627E+14  5.137E+14  4.417E+14  3.320E+14  1.667E+14  1.901E+13
  495.0000  6.981E+14  6.979E+14  6.973E+14  6.963E+14  6.948E+14  6.924E+14  6.889E+14  6.839E+14  6.770E+14  6.677E+14  6.547E+14  6.367E+14  6.119E+14  5.773E+14  5.280E+14  4.553E+14  3.441E+14  1.747E+14  1.965E+13
  500.0000  6.673E+14  6.671E+14  6.666E+14  6.657E+14  6.642E+14  6.619E+14  6.586E+14  6.538E+14  6.473E+14  6.385E+14  6.261E+14  6.091E+14  5.856E+14  5.528E+14  5.060E+14  4.370E+14  3.311E+14  1.691E+14  1.851E+13
  505.0000  6.793E+14  6.792E+14  6.787E+14  6.776E+14  6.761E+14  6.737E+14  6.704E+14  6.655E+14  6.588E+14  6.498E+14  6.372E+14  6.199E+14  5.961E+14  5.629E+14  5.154E+14  4.455E+14  3.380E+14  1.730E+14  1.833E+13
  510.0000  6.765E+14  6.763E+14  6.757E+14  6.748E+14  6.732E+14  6.710E+14  6.677E+14  6.629E+14  6.565E+14  6.477E+14  6.355E+14  6.186E+14  5.954E+14  5.629E+14  5.165E+14  4.478E+14  3.418E+14  1.772E+14  1.877E+13
  515.0000  6.295E+14  6.294E+14  6.289E+14  6.280E+14  6.266E+14  6.245E+14  6.215E+14  6.171E+14  6.112E+14  6.032E+14  5.920E+14  5.766E+14  5.553E+14  5.255E+14  4.829E+14  4.198E+14  3.219E+14  1.687E+14  1.776E+13
  520.0000  6.494E+14  6.492E+14  6.487E+14  6.478E+14  6.464E+14  6.442E+14  6.412E+14  6.367E+14  6.307E+14  6.224E+14  6.110E+14  5.953E+14  5.735E+14  5.431E+14  4.997E+14  4.351E+14  3.348E+14  1.767E+14  1.840E+13
  525.0000  6.533E+14  6.531E+14  6.526E+14  6.517E+14  6.502E+14  6.480E+14  6.449E+14  6.403E+14  6.343E+14  6.260E+14  6.144E+14  5.986E+14  5.768E+14  5.463E+14  5.027E+14  4.380E+14  3.374E+14  1.785E+14  1.818E+13
  530.0000  6.896E+14  6.894E+14  6.889E+14  6.878E+14  6.862E+14  6.839E+14  6.805E+14  6.756E+14  6.691E+14  6.602E+14  6.480E+14  6.312E+14  6.081E+14  5.758E+14  5.297E+14  4.613E+14  3.550E+14  1.876E+14  1.857E+13
  535.0000  6.707E+14  6.705E+14  6.699E+14  6.690E+14  6.674E+14  6.651E+14  6.618E+14  6.570E+14  6.507E+14  6.422E+14  6.303E+14  6.141E+14  5.917E+14  5.606E+14  5.160E+14  4.499E+14  3.471E+14  1.845E+14  1.811E+13
  540.0000  6.742E+14  6.740E+14  6.734E+14  6.725E+14  6.709E+14  6.686E+14  6.653E+14  6.606E+14  6.543E+14  6.458E+14  6.340E+14  6.179E+14  5.958E+14  5.649E+14  5.206E+14  4.549E+14  3.523E+14  1.889E+14  1.860E+13
  545.0000  6.865E+14  6.863E+14  6.858E+14  6.847E+14  6.831E+14  6.808E+14  6.774E+14  6.726E+14  6.662E+14  6.575E+14  6.456E+14  6.292E+14  6.067E+14  5.754E+14  5.305E+14  4.639E+14  3.598E+14  1.937E+14  1.893E+13
  550.0000  6.913E+14  6.911E+14  6.905E+14  6.895E+14  6.878E+14  6.855E+14  6.821E+14  6.772E+14  6.708E+14  6.621E+14  6.501E+14  6.338E+14  6.113E+14  5.799E+14  5.351E+14  4.684E+14  3.641E+14  1.971E+14  1.923E+13
  555.0000  6.881E+14  6.879E+14  6.873E+14  6.863E+14  6.846E+14  6.822E+14  6.789E+14  6.741E+14  6.677E+14  6.591E+14  6.473E+14  6.312E+14  6.090E+14  5.781E+14  5.339E+14  4.681E+14  3.650E+14  1.991E+14  1.948E+13
  560.0000  6.728E+14  6.726E+14  6.720E+14  6.709E+14  6.693E+14  6.669E+14  6.635E+14  6.588E+14  6.524E+14  6.440E+14  6.323E+14  6.164E+14  5.946E+14  5.643E+14  5.210E+14  4.566E+14  3.558E+14  1.939E+14  1.874E+13
  565.0000  6.758E+14  6.756E+14  6.750E+14  6.739E+14  6.722E+14  6.697E+14  6.663E+14  6.614E+14  6.549E+14  6.463E+14  6.344E+14  6.183E+14  5.963E+14  5.657E+14  5.220E+14  4.572E+14  3.558E+14  1.936E+14  1.848E+13
  570.0000  6.745E+14  6.742E+14  6.736E+14  6.725E+14  6.707E+14  6.682E+14  6.648E+14  6.598E+14  6.534E+14  6.447E+14  6.328E+14  6.167E+14  5.947E+14  5.642E+14  5.206E+14  4.560E+14  3.551E+14  1.935E+14  1.843E+13
  575.0000  6.890E+14  6.888E+14  6.881E+14  6.870E+14  6.852E+14  6.826E+14  6.790E+14  6.740E+14  6.674E+14  6.586E+14  6.465E+14  6.301E+14  6.078E+14  5.768E+14  5.325E+14  4.669E+14  3.643E+14  1.995E+14  1.915E+13
  580.0000  6.819E+14  6.817E+14  6.810E+14  6.799E+14  6.782E+14  6.757E+14  6.722E+14  6.673E+14  6.609E+14  6.523E+14  6.406E+14  6.248E+14  6.031E+14  5.730E+14  5.300E+14  4.660E+14  3.656E+14  2.028E+14  2.002E+13
  585.0000  6.864E+14  6.862E+14  6.856E+14  6.845E+14  6.828E+14  6.804E+14  6.769E+14  6.721E+14  6.658E+14  6.574E+14  6.458E+14  6.302E+14  6.088E+14  5.791E+14  5.366E+14  4.732E+14  3.733E+14  2.098E+14  2.134E+13
  590.0000  6.659E+14  6.657E+14  6.651E+14  6.640E+14  6.624E+14  6.600E+14  6.567E+14  6.521E+14  6.460E+14  6.379E+14  6.268E+14  6.118E+14  5.913E+14  5.628E+14  5.221E+14  4.612E+14  3.650E+14  2.068E+14  2.144E+13
  595.0000  6.819E+14  6.817E+14  6.810E+14  6.799E+14  6.782E+14  6.757E+14  6.723E+14  6.675E+14  6.612E+14  6.528E+14  6.414E+14  6.260E+14  6.049E+14  5.757E+14  5.339E+14  4.716E+14  3.732E+14  2.115E+14  2.196E+13
  600.0000  6.678E+14  6.676E+14  6.669E+14  6.658E+14  6.640E+14  6.616E+14  6.582E+14  6.533E+14  6.471E+14  6.388E+14  6.274E+14  6.122E+14  5.914E+14  5.625E+14  5.214E+14  4.601E+14  3.636E+14  2.056E+14  2.129E+13
  605.0000  6.791E+14  6.789E+14  6.782E+14  6.771E+14  6.753E+14  6.728E+14  6.693E+14  6.644E+14  6.581E+14  6.497E+14  6.383E+14  6.229E+14  6.019E+14  5.728E+14  5.314E+14  4.696E+14  3.721E+14  2.118E+14  2.234E+13
  610.0000  6.752E+14  6.750E+14  6.743E+14  6.732E+14  6.715E+14  6.691E+14  6.658E+14  6.610E+14  6.550E+14  6.469E+14  6.358E+14  6.210E+14  6.007E+14  5.726E+14  5.324E+14  4.723E+14  3.769E+14  2.181E+14  2.400E+13
  615.0000  6.639E+14  6.637E+14  6.631E+14  6.621E+14  6.605E+14  6.582E+14  6.550E+14  6.505E+14  6.448E+14  6.371E+14  6.266E+14  6.124E+14  5.931E+14  5.663E+14  5.279E+14  4.702E+14  3.782E+14  2.228E+14  2.563E+13
  620.0000  6.781E+14  6.779E+14  6.773E+14  6.763E+14  6.747E+14  6.724E+14  6.693E+14  6.649E+14  6.592E+14  6.516E+14  6.412E+14  6.271E+14  6.079E+14  5.812E+14  5.429E+14  4.853E+14  3.929E+14  2.350E+14  2.813E+13
  625.0000  6.679E+14  6.677E+14  6.672E+14  6.662E+14  6.647E+14  6.625E+14  6.595E+14  6.552E+14  6.497E+14  6.424E+14  6.324E+14  6.189E+14  6.004E+14  5.747E+14  5.378E+14  4.822E+14  3.925E+14  2.378E+14  2.947E+13
  630.0000  6.733E+14  6.731E+14  6.725E+14  6.715E+14  6.700E+14  6.679E+14  6.650E+14  6.608E+14  6.554E+14  6.482E+14  6.384E+14  6.251E+14  6.070E+14  5.817E+14  5.453E+14  4.904E+14  4.015E+14  2.465E+14  3.167E+13
  635.0000  6.731E+14  6.729E+14  6.724E+14  6.714E+14  6.700E+14  6.679E+14  6.650E+14  6.610E+14  6.558E+14  6.488E+14  6.392E+14  6.263E+14  6.087E+14  5.841E+14  5.486E+14  4.950E+14  4.077E+14  2.537E+14  3.385E+13
  640.0000  6.698E+14  6.697E+14  6.692E+14  6.682E+14  6.668E+14  6.648E+14  6.621E+14  6.582E+14  6.531E+14  6.464E+14  6.372E+14  6.247E+14  6.076E+14  5.838E+14  5.494E+14  4.973E+14  4.121E+14  2.601E+14  3.603E+13
  644.8000  6.703E+14  6.701E+14  6.696E+14  6.687E+14  6.673E+14  6.654E+14  6.627E+14  6.589E+14  6.540E+14  6.474E+14  6.384E+14  6.263E+14  6.096E+14  5.864E+14  5.528E+14  5.017E+14  4.180E+14  2.671E+14  3.828E+13
  651.0500  6.672E+14  6.670E+14  6.665E+14  6.656E+14  6.643E+14  6.624E+14  6.598E+14  6.562E+14  6.514E+14  6.451E+14  6.364E+14  6.246E+14  6.085E+14  5.860E+14  5.535E+14  5.039E+14  4.223E+14  2.735E+14  4.078E+13
  660.0000  6.404E+14  6.402E+14  6.398E+14  6.390E+14  6.377E+14  6.360E+14  6.336E+14  6.303E+14  6.259E+14  6.200E+14  6.120E+14  6.012E+14  5.864E+14  5.657E+14  5.357E+14  4.899E+14  4.139E+14  2.733E+14  4.308E+13
  670.0000  6.658E+14  6.657E+14  6.652E+14  6.644E+14  6.632E+14  6.615E+14  6.591E+14  6.558E+14  6.514E+14  6.456E+14  6.377E+14  6.270E+14  6.123E+14  5.917E+14  5.620E+14  5.163E+14  4.402E+14  2.969E+14  4.973E+13
  680.0000  6.620E+14  6.618E+14  6.614E+14  6.606E+14  6.595E+14  6.578E+14  6.556E+14  6.524E+14  6.482E+14  6.427E+14  6.351E+14  6.249E+14  6.110E+14  5.914E+14  5.630E+14  5.194E+14  4.463E+14  3.066E+14  5.428E+13
  690.0000  6.604E+14  6.603E+14  6.599E+14  6.591E+14  6.580E+14  6.564E+14  6.542E+14  6.512E+14  6.472E+14  6.418E+14  6.346E+14  6.248E+14  6.113E+14  5.925E+14  5.653E+14  5.234E+14  4.527E+14  3.159E+14  5.880E+13
  700.0000  6.570E+14  6.568E+14  6.564E+14  6.557E+14  6.546E+14  6.531E+14  6.510E+14  6.480E+14  6.442E+14  6.390E+14  6.321E+14  6.227E+14  6.099E+14  5.919E+14  5.658E+14  5.257E+14  4.577E+14  3.244E+14  6.342E+13
  710.0000  6.491E+14  6.490E+14  6.486E+14  6.479E+14  6.468E+14  6.453E+14  6.433E+14  6.404E+14  6.367E+14  6.317E+14  6.250E+14  6.160E+14  6.037E+14  5.865E+14  5.615E+14  5.230E+14  4.576E+14  3.283E+14  6.691E+13
  720.0000  6.350E+14  6.349E+14  6.345E+14  6.338E+14  6.328E+14  6.314E+14  6.294E+14  6.266E+14  6.230E+14  6.183E+14  6.119E+14  6.033E+14  5.915E+14  5.752E+14  5.514E+14  5.148E+14  4.524E+14  3.281E+14  6.952E+13
  730.0000  6.275E+14  6.274E+14  6.270E+14  6.264E+14  6.254E+14  6.240E+14  6.220E+14  6.194E+14  6.159E+14  6.113E+14  6.052E+14  5.969E+14  5.856E+14  5.699E+14  5.471E+14  5.120E+14  4.521E+14  3.316E+14  7.307E+13
------------------------------------------------------------
Photolysis rate coefficients, s-1
   1 = O3 -> O2 + O(1D)                                  
   2 = NO2 -> NO + O(3P)                                 
   3 = HNO2 -> OH + NO                                   
   4 = HNO3 -> OH + NO2                                  
   5 = Cl2 -> Cl + Cl                                    
   6 = ClOO -> Products                                  
   7 = OClO -> Products                                  
   8 = ClOOCl -> Cl + ClOO                               
   9 = ClNO2 -> Cl + NO2                                 
  10 = Br2 -> Br + Br                                    
  11 = BrO -> Br + O                                     
  12 = HOBr -> OH + Br                                   
  13 = BrNO -> Br + NO                                   
  14 = BrONO -> Br + NO2                                 
  15 = BrONO -> BrO + NO                                 
  16 = BrNO2 -> Br + NO2                                 
  17 = BrONO2 -> BrO + NO2                               
  18 = BrONO2 -> Br + NO3                                
  19 = BrCl -> Br + Cl                                   
values at z =      3.000 km
Columns: sza, photo-reactions
 sza, deg.          1          2          3          4          5          6          7          8          9         10         11         12         13         14         15         16         17         18         19
    0.0000  6.662E-05  1.376E-02  2.343E-03  1.112E-06  3.720E-03  0.000E+00  1.240E-01  2.816E-03  8.071E-04  4.222E-02  6.151E-02  3.310E-03  3.079E-02  1.930E-02  1.930E-02  6.855E-03  3.182E-04  1.803E-03  1.495E-02
    5.0000  6.613E-05  1.375E-02  2.341E-03  1.106E-06  3.715E-03  0.000E+00  1.239E-01  2.811E-03  8.054E-04  4.220E-02  6.141E-02  3.306E-03  3.077E-02  1.926E-02  1.926E-02  6.849E-03  3.178E-04  1.801E-03  1.494E-02
   10.0000  6.467E-05  1.371E-02  2.332E-03  1.090E-06  3.698E-03  0.000E+00  1.235E-01  2.793E-03  8.003E-04  4.215E-02  6.108E-02  3.294E-03  3.072E-02  1.914E-02  1.914E-02  6.830E-03  3.165E-04  1.794E-03  1.491E-02
   15.0000  6.227E-05  1.363E-02  2.318E-03  1.063E-06  3.669E-03  0.000E+00  1.228E-01  2.763E-03  7.916E-04  4.206E-02  6.053E-02  3.274E-03  3.064E-02  1.895E-02  1.895E-02  6.797E-03  3.143E-04  1.781E-03  1.486E-02
   20.0000  5.897E-05  1.352E-02  2.297E-03  1.024E-06  3.626E-03  0.000E+00  1.217E-01  2.721E-03  7.790E-04  4.191E-02  5.972E-02  3.245E-03  3.050E-02  1.866E-02  1.866E-02  6.748E-03  3.111E-04  1.763E-03  1.478E-02
   25.0000  5.484E-05  1.337E-02  2.268E-03  9.754E-07  3.568E-03  0.000E+00  1.203E-01  2.663E-03  7.622E-04  4.170E-02  5.862E-02  3.205E-03  3.032E-02  1.827E-02  1.827E-02  6.680E-03  3.067E-04  1.738E-03  1.466E-02
   30.0000  4.996E-05  1.316E-02  2.229E-03  9.160E-07  3.492E-03  0.000E+00  1.183E-01  2.590E-03  7.406E-04  4.140E-02  5.718E-02  3.152E-03  3.006E-02  1.778E-02  1.778E-02  6.589E-03  3.009E-04  1.705E-03  1.451E-02
   35.0000  4.440E-05  1.288E-02  2.176E-03  8.453E-07  3.392E-03  0.000E+00  1.158E-01  2.496E-03  7.130E-04  4.098E-02  5.532E-02  3.081E-03  2.971E-02  1.714E-02  1.714E-02  6.465E-03  2.933E-04  1.662E-03  1.429E-02
   40.0000  3.840E-05  1.253E-02  2.111E-03  7.662E-07  3.270E-03  0.000E+00  1.125E-01  2.384E-03  6.800E-04  4.041E-02  5.305E-02  2.994E-03  2.925E-02  1.637E-02  1.637E-02  6.308E-03  2.840E-04  1.609E-03  1.401E-02
   45.0000  3.217E-05  1.209E-02  2.028E-03  6.793E-07  3.119E-03  0.000E+00  1.084E-01  2.249E-03  6.404E-04  3.966E-02  5.027E-02  2.885E-03  2.866E-02  1.544E-02  1.544E-02  6.109E-03  2.725E-04  1.544E-03  1.365E-02
   50.0000  2.580E-05  1.152E-02  1.922E-03  5.841E-07  2.931E-03  0.000E+00  1.032E-01  2.086E-03  5.923E-04  3.863E-02  4.682E-02  2.746E-03  2.787E-02  1.430E-02  1.430E-02  5.850E-03  2.581E-04  1.462E-03  1.316E-02
   55.0000  1.961E-05  1.079E-02  1.789E-03  4.836E-07  2.699E-03  0.000E+00  9.652E-02  1.892E-03  5.352E-04  3.724E-02  4.262E-02  2.571E-03  2.683E-02  1.293E-02  1.293E-02  5.518E-03  2.402E-04  1.361E-03  1.253E-02
   60.0000  1.391E-05  9.866E-03  1.621E-03  3.806E-07  2.415E-03  0.000E+00  8.813E-02  1.664E-03  4.681E-04  3.537E-02  3.758E-02  2.354E-03  2.546E-02  1.131E-02  1.131E-02  5.094E-03  2.183E-04  1.237E-03  1.170E-02
   65.0000  8.988E-06  8.698E-03  1.412E-03  2.793E-07  2.073E-03  0.000E+00  7.759E-02  1.398E-03  3.904E-04  3.282E-02  3.159E-02  2.083E-03  2.364E-02  9.425E-03  9.425E-03  4.551E-03  1.914E-04  1.085E-03  1.062E-02
   70.0000  5.125E-06  7.230E-03  1.153E-03  1.850E-07  1.666E-03  0.000E+00  6.443E-02  1.095E-03  3.025E-04  2.931E-02  2.465E-02  1.747E-03  2.119E-02  7.276E-03  7.276E-03  3.858E-03  1.587E-04  8.994E-04  9.187E-03
   75.0000  2.471E-06  5.418E-03  8.426E-04  1.049E-07  1.197E-03  0.000E+00  4.831E-02  7.634E-04  2.076E-04  2.438E-02  1.699E-02  1.336E-03  1.784E-02  4.951E-03  4.951E-03  2.978E-03  1.195E-04  6.774E-04  7.304E-03
   80.0000  9.626E-07  3.308E-03  4.978E-04  4.687E-08  7.004E-04  0.000E+00  2.966E-02  4.306E-04  1.147E-04  1.740E-02  9.392E-03  8.529E-04  1.315E-02  2.701E-03  2.701E-03  1.902E-03  7.472E-05  4.234E-04  4.877E-03
   85.0000  2.907E-07  1.303E-03  1.942E-04  1.481E-08  2.746E-04  0.000E+00  1.183E-02  1.640E-04  4.319E-05  8.130E-03  3.569E-03  3.599E-04  6.766E-03  1.019E-03  1.019E-03  7.781E-04  3.071E-05  1.740E-04  2.111E-03
   90.0000  5.334E-08  2.341E-04  3.658E-05  2.431E-09  4.916E-05  0.000E+00  2.072E-03  2.983E-05  7.903E-06  1.044E-03  6.642E-04  5.682E-05  8.741E-04  1.893E-04  1.893E-04  1.281E-04  4.998E-06  2.832E-05  3.160E-04
------------------------------------------------------------
