Spectral actinic flux, quanta cm-2 s-1 nm-1
values at z =      9.000 km
Columns: wavelength (nm), solar zenith angles (deg.)
    wc, nm      0.000      5.000     10.000     15.000     20.000     25.000     30.000     35.000     40.000     45.000     50.000     55.000     60.000     65.000     70.000     75.000     80.000     85.000     90.000
  120.7000  0.000E+00  0.000E+00  0.000E+00  0.000E+00  0.000E+00  0.000E+00  0.000E+00  0.000E+00  0.000E+00  0.000E+00  0.000E+00  0.000E+00  0.000E+00  0.000E+00  0.000E+00  0.000E+00  0.000E+00  0.000E+00  0.000E+00
  121.6500  0.000E+00  0.000E+00  0.000E+00  0.000E+00  0.000E+00  0.000E+00  0.000E+00  0.000E+00  0.000E+00  0.000E+00  0.000E+00  0.000E+00  0.000E+00  0.000E+00  0.000E+00  0.000E+00  0.000E+00  0.000E+00  0.000E+00
  122.1000  0.000E+00  0.000E+00  0.000E+00  0.000E+00  0.000E+00  0.000E+00  0.000E+00  0.000E+00  0.000E+00  0.000E+00  0.000E+00  0.000E+00  0.000E+00  0.000E+00  0.000E+00  0.000E+00  0.000E+00  0.000E+00  0.000E+00
  122.7000  0.000E+00  0.000E+00  0.000E+00  0.000E+00  0.000E+00  0.000E+00  0.000E+00  0.000E+00  0.000E+00  0.000E+00  0.000E+00  0.000E+00  0.000E+00  0.000E+00  0.000E+00  0.000E+00  0.000E+00  0.000E+00  0.000E+00
  123.4500  0.000E+00  0.000E+00  0.000E+00  0.000E+00  0.000E+00  0.000E+00  0.000E+00  0.000E+00  0.000E+00  0.000E+00  0.000E+00  0.000E+00  0.000E+00  0.000E+00  0.000E+00  0.000E+00  0.000E+00  0.000E+00  0.000E+00
  124.2000  0.000E+00  0.000E+00  0.000E+00  0.000E+00  0.000E+00  0.000E+00  0.000E+00  0.000E+00  0.000E+00  0.000E+00  0.000E+00  0.000E+00  0.000E+00  0.000E+00  0.000E+00  0.000E+00  0.000E+00  0.000E+00  0.000E+00
  125.0000  0.000E+00  0.000E+00  0.000E+00  0.000E+00  0.000E+00  0.000E+00  0.000E+00  0.000E+00  0.000E+00  0.000E+00  0.000E+00  0.000E+00  0.000E+00  0.000E+00  0.000E+00  0.000E+00  0.000E+00  0.000E+00  0.000E+00
  125.8000  0.000E+00  0.000E+00  0.000E+00  0.000E+00  0.000E+00  0.000E+00  0.000E+00  0.000E+00  0.000E+00  0.000E+00  0.000E+00  0.000E+00  0.000E+00  0.000E+00  0.000E+00  0.000E+00  0.000E+00  0.000E+00  0.000E+00
  126.6000  0.000E+00  0.000E+00  0.000E+00  0.000E+00  0.000E+00  0.000E+00  0.000E+00  0.000E+00  0.000E+00  0.000E+00  0.000E+00  0.000E+00  0.000E+00  0.000E+00  0.000E+00  0.000E+00  0.000E+00  0.000E+00  0.000E+00
  127.8000  0.000E+00  0.000E+00  0.000E+00  0.000E+00  0.000E+00  0.000E+00  0.000E+00  0.000E+00  0.000E+00  0.000E+00  0.000E+00  0.000E+00  0.000E+00  0.000E+00  0.000E+00  0.000E+00  0.000E+00  0.000E+00  0.000E+00
  129.0000  0.000E+00  0.000E+00  0.000E+00  0.000E+00  0.000E+00  0.000E+00  0.000E+00  0.000E+00  0.000E+00  0.000E+00  0.000E+00  0.000E+00  0.000E+00  0.000E+00  0.000E+00  0.000E+00  0.000E+00  0.000E+00  0.000E+00
  129.8500  0.000E+00  0.000E+00  0.000E+00  0.000E+00  0.000E+00  0.000E+00  0.000E+00  0.000E+00  0.000E+00  0.000E+00  0.000E+00  0.000E+00  0.000E+00  0.000E+00  0.000E+00  0.000E+00  0.000E+00  0.000E+00  0.000E+00
  131.1500  0.000E+00  0.000E+00  0.000E+00  0.000E+00  0.000E+00  0.000E+00  0.000E+00  0.000E+00  0.000E+00  0.000E+00  0.000E+00  0.000E+00  0.000E+00  0.000E+00  0.000E+00  0.000E+00  0.000E+00  0.000E+00  0.000E+00
  133.5000  0.000E+00  0.000E+00  0.000E+00  0.000E+00  0.000E+00  0.000E+00  0.000E+00  0.000E+00  0.000E+00  0.000E+00  0.000E+00  0.000E+00  0.000E+00  0.000E+00  0.000E+00  0.000E+00  0.000E+00  0.000E+00  0.000E+00
  136.0000  0.000E+00  0.000E+00  0.000E+00  0.000E+00  0.000E+00  0.000E+00  0.000E+00  0.000E+00  0.000E+00  0.000E+00  0.000E+00  0.000E+00  0.000E+00  0.000E+00  0.000E+00  0.000E+00  0.000E+00  0.000E+00  0.000E+00
  141.0000  0.000E+00  0.000E+00  0.000E+00  0.000E+00  0.000E+00  0.000E+00  0.000E+00  0.000E+00  0.000E+00  0.000E+00  0.000E+00  0.000E+00  0.000E+00  0.000E+00  0.000E+00  0.000E+00  0.000E+00  0.000E+00  0.000E+00
  150.0000  0.000E+00  0.000E+00  0.000E+00  0.000E+00  0.000E+00  0.000E+00  0.000E+00  0.000E+00  0.000E+00  0.000E+00  0.000E+00  0.000E+00  0.000E+00  0.000E+00  0.000E+00  0.000E+00  0.000E+00  0.000E+00  0.000E+00
  160.0000  0.000E+00  0.000E+00  0.000E+00  0.000E+00  0.000E+00  0.000E+00  0.000E+00  0.000E+00  0.000E+00  0.000E+00  0.000E+00  0.000E+00  0.000E+00  0.000E+00  0.000E+00  0.000E+00  0.000E+00  0.000E+00  0.000E+00
  167.5000  0.000E+00  0.000E+00  0.000E+00  0.000E+00  0.000E+00  0.000E+00  0.000E+00  0.000E+00  0.000E+00  0.000E+00  0.000E+00  0.000E+00  0.000E+00  0.000E+00  0.000E+00  0.000E+00  0.000E+00  0.000E+00  0.000E+00
  172.2000  0.000E+00  0.000E+00  0.000E+00  0.000E+00  0.000E+00  0.000E+00  0.000E+00  0.000E+00  0.000E+00  0.000E+00  0.000E+00  0.000E+00  0.000E+00  0.000E+00  0.000E+00  0.000E+00  0.000E+00  0.000E+00  0.000E+00
  175.7000  0.000E+00  0.000E+00  0.000E+00  0.000E+00  0.000E+00  0.000E+00  0.000E+00  0.000E+00  0.000E+00  0.000E+00  0.000E+00  0.000E+00  0.000E+00  0.000E+00  0.000E+00  0.000E+00  0.000E+00  0.000E+00  0.000E+00
  177.8000  0.000E+00  0.000E+00  0.000E+00  0.000E+00  0.000E+00  0.000E+00  0.000E+00  0.000E+00  0.000E+00  0.000E+00  0.000E+00  0.000E+00  0.000E+00  0.000E+00  0.000E+00  0.000E+00  0.000E+00  0.000E+00  0.000E+00
  179.4000  0.000E+00  0.000E+00  0.000E+00  0.000E+00  0.000E+00  0.000E+00  0.000E+00  0.000E+00  0.000E+00  0.000E+00  0.000E+00  0.000E+00  0.000E+00  0.000E+00  0.000E+00  0.000E+00  0.000E+00  0.000E+00  0.000E+00
  181.0000  0.000E+00  0.000E+00  0.000E+00  0.000E+00  0.000E+00  0.000E+00  0.000E+00  0.000E+00  0.000E+00  0.000E+00  0.000E+00  0.000E+00  0.000E+00  0.000E+00  0.000E+00  0.000E+00  0.000E+00  0.000E+00  0.000E+00
  182.6500  0.000E+00  0.000E+00  0.000E+00  0.000E+00  0.000E+00  0.000E+00  0.000E+00  0.000E+00  0.000E+00  0.000E+00  0.000E+00  0.000E+00  0.000E+00  0.000E+00  0.000E+00  0.000E+00  0.000E+00  0.000E+00  0.000E+00
  184.3500  0.000E+00  0.000E+00  0.000E+00  0.000E+00  0.000E+00  0.000E+00  0.000E+00  0.000E+00  0.000E+00  0.000E+00  0.000E+00  0.000E+00  0.000E+00  0.000E+00  0.000E+00  0.000E+00  0.000E+00  0.000E+00  0.000E+00
  186.0500  0.000E+00  0.000E+00  0.000E+00  0.000E+00  0.000E+00  0.000E+00  0.000E+00  0.000E+00  0.000E+00  0.000E+00  0.000E+00  0.000E+00  0.000E+00  0.000E+00  0.000E+00  0.000E+00  0.000E+00  0.000E+00  0.000E+00
  187.8000  0.000E+00  0.000E+00  0.000E+00  0.000E+00  0.000E+00  0.000E+00  0.000E+00  0.000E+00  0.000E+00  0.000E+00  0.000E+00  0.000E+00  0.000E+00  0.000E+00  0.000E+00  0.000E+00  0.000E+00  0.000E+00  0.000E+00
  189.6000  0.000E+00  0.000E+00  0.000E+00  0.000E+00  0.000E+00  0.000E+00  0.000E+00  0.000E+00  0.000E+00  0.000E+00  0.000E+00  0.000E+00  0.000E+00  0.000E+00  0.000E+00  0.000E+00  0.000E+00  0.000E+00  0.000E+00
  191.4000  0.000E+00  0.000E+00  0.000E+00  0.000E+00  0.000E+00  0.000E+00  0.000E+00  0.000E+00  0.000E+00  0.000E+00  0.000E+00  0.000E+00  0.000E+00  0.000E+00  0.000E+00  0.000E+00  0.000E+00  0.000E+00  0.000E+00
  193.2500  0.000E+00  0.000E+00  0.000E+00  0.000E+00  0.000E+00  0.000E+00  0.000E+00  0.000E+00  0.000E+00  0.000E+00  0.000E+00  0.000E+00  0.000E+00  0.000E+00  0.000E+00  0.000E+00  0.000E+00  0.000E+00  0.000E+00
  195.1500  0.000E+00  0.000E+00  0.000E+00  0.000E+00  0.000E+00  0.000E+00  0.000E+00  0.000E+00  0.000E+00  0.000E+00  0.000E+00  0.000E+00  0.000E+00  0.000E+00  0.000E+00  0.000E+00  0.000E+00  0.000E+00  0.000E+00
  197.0500  0.000E+00  0.000E+00  0.000E+00  0.000E+00  0.000E+00  0.000E+00  0.000E+00  0.000E+00  0.000E+00  0.000E+00  0.000E+00  0.000E+00  0.000E+00  0.000E+00  0.000E+00  0.000E+00  0.000E+00  0.000E+00  0.000E+00
  199.0000  0.000E+00  0.000E+00  0.000E+00  0.000E+00  0.000E+00  0.000E+00  0.000E+00  0.000E+00  0.000E+00  0.000E+00  0.000E+00  0.000E+00  0.000E+00  0.000E+00  0.000E+00  0.000E+00  0.000E+00  0.000E+00  0.000E+00
  201.0000  0.000E+00  0.000E+00  0.000E+00  0.000E+00  0.000E+00  0.000E+00  0.000E+00  0.000E+00  0.000E+00  0.000E+00  0.000E+00  0.000E+00  0.000E+00  0.000E+00  0.000E+00  0.000E+00  0.000E+00  0.000E+00  0.000E+00
  203.0500  0.000E+00  0.000E+00  0.000E+00  0.000E+00  0.000E+00  0.000E+00  0.000E+00  0.000E+00  0.000E+00  0.000E+00  0.000E+00  0.000E+00  0.000E+00  0.000E+00  0.000E+00  0.000E+00  0.000E+00  0.000E+00  0.000E+00
  204.9500  0.000E+00  0.000E+00  0.000E+00  0.000E+00  0.000E+00  0.000E+00  0.000E+00  0.000E+00  0.000E+00  0.000E+00  0.000E+00  0.000E+00  0.000E+00  0.000E+00  0.000E+00  0.000E+00  0.000E+00  0.000E+00  0.000E+00
  207.0665  0.000E+00  0.000E+00  0.000E+00  0.000E+00  0.000E+00  0.000E+00  0.000E+00  0.000E+00  0.000E+00  0.000E+00  0.000E+00  0.000E+00  0.000E+00  0.000E+00  0.000E+00  0.000E+00  0.000E+00  0.000E+00  0.000E+00
  209.4295  0.000E+00  0.000E+00  0.000E+00  0.000E+00  0.000E+00  0.000E+00  0.000E+00  0.000E+00  0.000E+00  0.000E+00  0.000E+00  0.000E+00  0.000E+00  0.000E+00  0.000E+00  0.000E+00  0.000E+00  0.000E+00  0.000E+00
  211.6460  0.000E+00  0.000E+00  0.000E+00  0.000E+00  0.000E+00  0.000E+00  0.000E+00  0.000E+00  0.000E+00  0.000E+00  0.000E+00  0.000E+00  0.000E+00  0.000E+00  0.000E+00  0.000E+00  0.000E+00  0.000E+00  0.000E+00
  213.9100  0.000E+00  0.000E+00  0.000E+00  0.000E+00  0.000E+00  0.000E+00  0.000E+00  0.000E+00  0.000E+00  0.000E+00  0.000E+00  0.000E+00  0.000E+00  0.000E+00  0.000E+00  0.000E+00  0.000E+00  0.000E+00  0.000E+00
  216.2225  0.000E+00  0.000E+00  0.000E+00  0.000E+00  0.000E+00  0.000E+00  0.000E+00  0.000E+00  0.000E+00  0.000E+00  0.000E+00  0.000E+00  0.000E+00  0.000E+00  0.000E+00  0.000E+00  0.000E+00  0.000E+00  0.000E+00
  218.5855  0.000E+00  0.000E+00  0.000E+00  0.000E+00  0.000E+00  0.000E+00  0.000E+00  0.000E+00  0.000E+00  0.000E+00  0.000E+00  0.000E+00  0.000E+00  0.000E+00  0.000E+00  0.000E+00  0.000E+00  0.000E+00  0.000E+00
  221.0010  0.000E+00  0.000E+00  0.000E+00  0.000E+00  0.000E+00  0.000E+00  0.000E+00  0.000E+00  0.000E+00  0.000E+00  0.000E+00  0.000E+00  0.000E+00  0.000E+00  0.000E+00  0.000E+00  0.000E+00  0.000E+00  0.000E+00
  223.4705  0.000E+00  0.000E+00  0.000E+00  0.000E+00  0.000E+00  0.000E+00  0.000E+00  0.000E+00  0.000E+00  0.000E+00  0.000E+00  0.000E+00  0.000E+00  0.000E+00  0.000E+00  0.000E+00  0.000E+00  0.000E+00  0.000E+00
  225.9960  0.000E+00  0.000E+00  0.000E+00  0.000E+00  0.000E+00  0.000E+00  0.000E+00  0.000E+00  0.000E+00  0.000E+00  0.000E+00  0.000E+00  0.000E+00  0.000E+00  0.000E+00  0.000E+00  0.000E+00  0.000E+00  0.000E+00
  228.5790  0.000E+00  0.000E+00  0.000E+00  0.000E+00  0.000E+00  0.000E+00  0.000E+00  0.000E+00  0.000E+00  0.000E+00  0.000E+00  0.000E+00  0.000E+00  0.000E+00  0.000E+00  0.000E+00  0.000E+00  0.000E+00  0.000E+00
  231.2215  0.000E+00  0.000E+00  0.000E+00  0.000E+00  0.000E+00  0.000E+00  0.000E+00  0.000E+00  0.000E+00  0.000E+00  0.000E+00  0.000E+00  0.000E+00  0.000E+00  0.000E+00  0.000E+00  0.000E+00  0.000E+00  0.000E+00
  233.9260  0.000E+00  0.000E+00  0.000E+00  0.000E+00  0.000E+00  0.000E+00  0.000E+00  0.000E+00  0.000E+00  0.000E+00  0.000E+00  0.000E+00  0.000E+00  0.000E+00  0.000E+00  0.000E+00  0.000E+00  0.000E+00  0.000E+00
  236.6945  0.000E+00  0.000E+00  0.000E+00  0.000E+00  0.000E+00  0.000E+00  0.000E+00  0.000E+00  0.000E+00  0.000E+00  0.000E+00  0.000E+00  0.000E+00  0.000E+00  0.000E+00  0.000E+00  0.000E+00  0.000E+00  0.000E+00
  239.5295  0.000E+00  0.000E+00  0.000E+00  0.000E+00  0.000E+00  0.000E+00  0.000E+00  0.000E+00  0.000E+00  0.000E+00  0.000E+00  0.000E+00  0.000E+00  0.000E+00  0.000E+00  0.000E+00  0.000E+00  0.000E+00  0.000E+00
  242.4330  0.000E+00  0.000E+00  0.000E+00  0.000E+00  0.000E+00  0.000E+00  0.000E+00  0.000E+00  0.000E+00  0.000E+00  0.000E+00  0.000E+00  0.000E+00  0.000E+00  0.000E+00  0.000E+00  0.000E+00  0.000E+00  0.000E+00
  245.4080  0.000E+00  0.000E+00  0.000E+00  0.000E+00  0.000E+00  0.000E+00  0.000E+00  0.000E+00  0.000E+00  0.000E+00  0.000E+00  0.000E+00  0.000E+00  0.000E+00  0.000E+00  0.000E+00  0.000E+00  0.000E+00  0.000E+00
  248.4570  0.000E+00  0.000E+00  0.000E+00  0.000E+00  0.000E+00  0.000E+00  0.000E+00  0.000E+00  0.000E+00  0.000E+00  0.000E+00  0.000E+00  0.000E+00  0.000E+00  0.000E+00  0.000E+00  0.000E+00  0.000E+00  0.000E+00
  251.5825  0.000E+00  0.000E+00  0.000E+00  0.000E+00  0.000E+00  0.000E+00  0.000E+00  0.000E+00  0.000E+00  0.000E+00  0.000E+00  0.000E+00  0.000E+00  0.000E+00  0.000E+00  0.000E+00  0.000E+00  0.000E+00  0.000E+00
  254.7875  0.000E+00  0.000E+00  0.000E+00  0.000E+00  0.000E+00  0.000E+00  0.000E+00  0.000E+00  0.000E+00  0.000E+00  0.000E+00  0.000E+00  0.000E+00  0.000E+00  0.000E+00  0.000E+00  0.000E+00  0.000E+00  0.000E+00
  258.0750  0.000E+00  0.000E+00  0.000E+00  0.000E+00  0.000E+00  0.000E+00  0.000E+00  0.000E+00  0.000E+00  0.000E+00  0.000E+00  0.000E+00  0.000E+00  0.000E+00  0.000E+00  0.000E+00  0.000E+00  0.000E+00  0.000E+00
  261.4490  0.000E+00  0.000E+00  0.000E+00  0.000E+00  0.000E+00  0.000E+00  0.000E+00  0.000E+00  0.000E+00  0.000E+00  0.000E+00  0.000E+00  0.000E+00  0.000E+00  0.000E+00  0.000E+00  0.000E+00  0.000E+00  0.000E+00
  264.9125  0.000E+00  0.000E+00  0.000E+00  0.000E+00  0.000E+00  0.000E+00  0.000E+00  0.000E+00  0.000E+00  0.000E+00  0.000E+00  0.000E+00  0.000E+00  0.000E+00  0.000E+00  0.000E+00  0.000E+00  0.000E+00  0.000E+00
  268.4685  0.000E+00  0.000E+00  0.000E+00  0.000E+00  0.000E+00  0.000E+00  0.000E+00  0.000E+00  0.000E+00  0.000E+00  0.000E+00  0.000E+00  0.000E+00  0.000E+00  0.000E+00  0.000E+00  0.000E+00  0.000E+00  0.000E+00
  272.1215  0.000E+00  0.000E+00  0.000E+00  0.000E+00  0.000E+00  0.000E+00  0.000E+00  0.000E+00  0.000E+00  0.000E+00  0.000E+00  0.000E+00  0.000E+00  0.000E+00  0.000E+00  0.000E+00  0.000E+00  0.000E+00  0.000E+00
  275.8755  0.000E+00  0.000E+00  0.000E+00  0.000E+00  0.000E+00  0.000E+00  0.000E+00  0.000E+00  0.000E+00  0.000E+00  0.000E+00  0.000E+00  0.000E+00  0.000E+00  0.000E+00  0.000E+00  0.000E+00  0.000E+00  0.000E+00
  279.7340  0.000E+00  0.000E+00  0.000E+00  0.000E+00  0.000E+00  0.000E+00  0.000E+00  0.000E+00  0.000E+00  0.000E+00  0.000E+00  0.000E+00  0.000E+00  0.000E+00  0.000E+00  0.000E+00  0.000E+00  0.000E+00  0.000E+00
  283.7020  0.000E+00  0.000E+00  0.000E+00  0.000E+00  0.000E+00  0.000E+00  0.000E+00  0.000E+00  0.000E+00  0.000E+00  0.000E+00  0.000E+00  0.000E+00  0.000E+00  0.000E+00  0.000E+00  0.000E+00  0.000E+00  0.000E+00
  287.7845  0.000E+00  0.000E+00  0.000E+00  0.000E+00  0.000E+00  0.000E+00  0.000E+00  0.000E+00  0.000E+00  0.000E+00  0.000E+00  0.000E+00  0.000E+00  0.000E+00  0.000E+00  0.000E+00  0.000E+00  0.000E+00  0.000E+00
  291.9865  3.227E+10  3.125E+10  2.836E+10  2.401E+10  1.885E+10  1.359E+10  8.865E+09  5.109E+09  2.552E+09  1.063E+09  3.532E+08  9.442E+07  2.593E+07  1.162E+07  7.337E+06  4.938E+06  3.291E+06  2.009E+06  8.175E+05
  296.3090  1.120E+12  1.099E+12  1.038E+12  9.418E+11  8.173E+11  6.744E+11  5.248E+11  3.797E+11  2.519E+11  1.498E+11  7.679E+10  3.254E+10  1.097E+10  3.162E+09  1.166E+09  6.566E+08  4.064E+08  2.327E+08  9.065E+07
  300.5000  8.241E+12  8.149E+12  7.878E+12  7.435E+12  6.835E+12  6.097E+12  5.251E+12  4.330E+12  3.386E+12  2.481E+12  1.657E+12  9.783E+11  4.859E+11  1.899E+11  5.633E+10  1.678E+10  7.932E+09  4.094E+09  1.467E+09
  303.0000  2.639E+13  2.618E+13  2.554E+13  2.449E+13  2.304E+13  2.120E+13  1.901E+13  1.656E+13  1.380E+13  1.099E+13  8.179E+12  5.550E+12  3.301E+12  1.617E+12  5.941E+11  1.574E+11  4.725E+10  2.113E+10  6.973E+09
  304.0000  3.001E+13  2.979E+13  2.913E+13  2.804E+13  2.652E+13  2.458E+13  2.226E+13  1.955E+13  1.662E+13  1.351E+13  1.031E+13  7.235E+12  4.498E+12  2.335E+12  9.215E+11  2.532E+11  6.692E+10  2.770E+10  8.874E+09
  305.0000  4.322E+13  4.294E+13  4.211E+13  4.072E+13  3.879E+13  3.630E+13  3.328E+13  2.982E+13  2.575E+13  2.147E+13  1.693E+13  1.240E+13  8.154E+12  4.566E+12  1.988E+12  5.947E+11  1.384E+11  4.919E+10  1.497E+10
  306.0000  4.198E+13  4.174E+13  4.100E+13  3.978E+13  3.805E+13  3.583E+13  3.311E+13  2.990E+13  2.622E+13  2.221E+13  1.789E+13  1.346E+13  9.185E+12  5.404E+12  2.515E+12  8.089E+11  1.804E+11  5.604E+10  1.634E+10
  307.0000  5.600E+13  5.571E+13  5.483E+13  5.337E+13  5.130E+13  4.861E+13  4.530E+13  4.130E+13  3.676E+13  3.168E+13  2.609E+13  2.021E+13  1.434E+13  8.894E+12  4.454E+12  1.568E+12  3.503E+11  9.144E+10  2.506E+10
  308.0000  6.781E+13  6.750E+13  6.655E+13  6.496E+13  6.272E+13  5.978E+13  5.614E+13  5.169E+13  4.657E+13  4.078E+13  3.427E+13  2.726E+13  2.004E+13  1.305E+13  7.001E+12  2.702E+12  6.339E+11  1.401E+11  3.547E+10
  309.0000  7.154E+13  7.123E+13  7.031E+13  6.875E+13  6.653E+13  6.363E+13  6.001E+13  5.551E+13  5.041E+13  4.453E+13  3.786E+13  3.057E+13  2.292E+13  1.535E+13  8.562E+12  3.486E+12  8.559E+11  1.727E+11  4.128E+10
  310.0000  7.284E+13  7.257E+13  7.176E+13  7.038E+13  6.841E+13  6.582E+13  6.256E+13  5.847E+13  5.376E+13  4.826E+13  4.189E+13  3.476E+13  2.703E+13  1.904E+13  1.142E+13  5.170E+12  1.424E+12  2.543E+11  5.261E+10
  311.0000  1.240E+14  1.235E+14  1.222E+14  1.201E+14  1.169E+14  1.128E+14  1.075E+14  1.010E+14  9.330E+13  8.432E+13  7.383E+13  6.197E+13  4.893E+13  3.519E+13  2.175E+13  1.030E+13  3.002E+12  5.196E+11  9.990E+10
  312.0000  1.127E+14  1.124E+14  1.113E+14  1.095E+14  1.070E+14  1.035E+14  9.916E+13  9.361E+13  8.720E+13  7.955E+13  7.051E+13  6.013E+13  4.849E+13  3.592E+13  2.318E+13  1.170E+13  3.730E+12  6.392E+11  1.088E+11
  313.0000  1.284E+14  1.280E+14  1.269E+14  1.251E+14  1.225E+14  1.189E+14  1.144E+14  1.087E+14  1.019E+14  9.384E+13  8.416E+13  7.288E+13  6.001E+13  4.575E+13  3.077E+13  1.656E+13  5.801E+12  1.026E+12  1.535E+11
  314.0000  1.408E+14  1.405E+14  1.394E+14  1.374E+14  1.347E+14  1.310E+14  1.263E+14  1.202E+14  1.131E+14  1.045E+14  9.415E+13  8.204E+13  6.811E+13  5.253E+13  3.593E+13  1.985E+13  7.219E+12  1.301E+12  1.844E+11
  316.0000  1.479E+14  1.476E+14  1.467E+14  1.450E+14  1.426E+14  1.394E+14  1.352E+14  1.298E+14  1.234E+14  1.155E+14  1.058E+14  9.429E+13  8.064E+13  6.480E+13  4.706E+13  2.852E+13  1.204E+13  2.497E+12  2.970E+11
  320.0000  1.935E+14  1.932E+14  1.923E+14  1.906E+14  1.882E+14  1.850E+14  1.807E+14  1.751E+14  1.683E+14  1.598E+14  1.492E+14  1.361E+14  1.202E+14  1.010E+14  7.832E+13  5.252E+13  2.624E+13  6.830E+12  7.464E+11
  325.0000  2.498E+14  2.495E+14  2.486E+14  2.470E+14  2.447E+14  2.415E+14  2.373E+14  2.317E+14  2.246E+14  2.158E+14  2.044E+14  1.902E+14  1.723E+14  1.500E+14  1.224E+14  8.899E+13  5.099E+13  1.662E+13  2.026E+12
  330.0000  3.086E+14  3.083E+14  3.074E+14  3.058E+14  3.035E+14  3.002E+14  2.959E+14  2.899E+14  2.824E+14  2.729E+14  2.605E+14  2.448E+14  2.247E+14  1.992E+14  1.668E+14  1.262E+14  7.735E+13  2.828E+13  3.841E+12
  335.0000  2.911E+14  2.908E+14  2.901E+14  2.889E+14  2.870E+14  2.844E+14  2.808E+14  2.760E+14  2.697E+14  2.617E+14  2.511E+14  2.376E+14  2.200E+14  1.975E+14  1.683E+14  1.309E+14  8.399E+13  3.320E+13  4.886E+12
  340.0000  3.122E+14  3.120E+14  3.113E+14  3.102E+14  3.084E+14  3.059E+14  3.024E+14  2.977E+14  2.915E+14  2.836E+14  2.731E+14  2.594E+14  2.416E+14  2.184E+14  1.882E+14  1.487E+14  9.800E+13  4.040E+13  6.059E+12
  345.0000  3.036E+14  3.034E+14  3.028E+14  3.018E+14  3.002E+14  2.980E+14  2.950E+14  2.907E+14  2.852E+14  2.779E+14  2.683E+14  2.557E+14  2.391E+14  2.175E+14  1.889E+14  1.510E+14  1.015E+14  4.306E+13  6.421E+12
  350.0000  3.129E+14  3.127E+14  3.122E+14  3.113E+14  3.098E+14  3.077E+14  3.047E+14  3.006E+14  2.952E+14  2.881E+14  2.786E+14  2.661E+14  2.497E+14  2.279E+14  1.991E+14  1.605E+14  1.092E+14  4.714E+13  6.801E+12
  355.0000  3.267E+14  3.265E+14  3.260E+14  3.251E+14  3.237E+14  3.217E+14  3.188E+14  3.148E+14  3.095E+14  3.025E+14  2.931E+14  2.806E+14  2.641E+14  2.422E+14  2.128E+14  1.730E+14  1.194E+14  5.271E+13  7.431E+12
  360.0000  2.952E+14  2.950E+14  2.946E+14  2.939E+14  2.927E+14  2.910E+14  2.886E+14  2.852E+14  2.807E+14  2.747E+14  2.666E+14  2.558E+14  2.414E+14  2.222E+14  1.963E+14  1.609E+14  1.125E+14  5.065E+13  6.950E+12
  365.0000  3.713E+14  3.711E+14  3.706E+14  3.698E+14  3.684E+14  3.665E+14  3.637E+14  3.596E+14  3.543E+14  3.472E+14  3.374E+14  3.244E+14  3.069E+14  2.835E+14  2.516E+14  2.078E+14  1.470E+14  6.755E+13  9.023E+12
  370.0000  3.822E+14  3.820E+14  3.816E+14  3.808E+14  3.795E+14  3.776E+14  3.749E+14  3.710E+14  3.658E+14  3.589E+14  3.493E+14  3.364E+14  3.191E+14  2.957E+14  2.636E+14  2.192E+14  1.569E+14  7.351E+13  9.567E+12
  375.0000  3.421E+14  3.420E+14  3.416E+14  3.410E+14  3.399E+14  3.384E+14  3.361E+14  3.328E+14  3.284E+14  3.225E+14  3.143E+14  3.032E+14  2.883E+14  2.679E+14  2.399E+14  2.009E+14  1.453E+14  6.940E+13  8.813E+12
  380.0000  3.901E+14  3.900E+14  3.896E+14  3.889E+14  3.878E+14  3.862E+14  3.838E+14  3.803E+14  3.755E+14  3.691E+14  3.601E+14  3.480E+14  3.315E+14  3.090E+14  2.779E+14  2.341E+14  1.712E+14  8.330E+13  1.035E+13
  385.0000  2.919E+14  2.919E+14  2.916E+14  2.911E+14  2.904E+14  2.892E+14  2.876E+14  2.851E+14  2.817E+14  2.771E+14  2.708E+14  2.620E+14  2.501E+14  2.338E+14  2.110E+14  1.788E+14  1.321E+14  6.550E+13  7.985E+12
  390.0000  3.787E+14  3.787E+14  3.784E+14  3.778E+14  3.769E+14  3.755E+14  3.735E+14  3.705E+14  3.663E+14  3.607E+14  3.527E+14  3.418E+14  3.269E+14  3.063E+14  2.776E+14  2.365E+14  1.764E+14  8.912E+13  1.069E+13
  395.0000  2.921E+14  2.921E+14  2.918E+14  2.915E+14  2.908E+14  2.898E+14  2.884E+14  2.862E+14  2.832E+14  2.790E+14  2.731E+14  2.650E+14  2.539E+14  2.385E+14  2.169E+14  1.858E+14  1.398E+14  7.195E+13  8.525E+12
  400.0000  5.396E+14  5.395E+14  5.391E+14  5.385E+14  5.374E+14  5.357E+14  5.332E+14  5.293E+14  5.240E+14  5.167E+14  5.063E+14  4.919E+14  4.721E+14  4.445E+14  4.055E+14  3.492E+14  2.652E+14  1.389E+14  1.631E+13
  405.0000  5.477E+14  5.476E+14  5.473E+14  5.467E+14  5.457E+14  5.441E+14  5.417E+14  5.380E+14  5.329E+14  5.258E+14  5.157E+14  5.016E+14  4.821E+14  4.549E+14  4.164E+14  3.603E+14  2.759E+14  1.470E+14  1.718E+13
  410.0000  5.627E+14  5.626E+14  5.623E+14  5.617E+14  5.608E+14  5.592E+14  5.569E+14  5.533E+14  5.483E+14  5.414E+14  5.314E+14  5.175E+14  4.981E+14  4.710E+14  4.324E+14  3.759E+14  2.901E+14  1.572E+14  1.833E+13
  415.0000  5.844E+14  5.843E+14  5.840E+14  5.835E+14  5.826E+14  5.811E+14  5.788E+14  5.753E+14  5.704E+14  5.635E+14  5.535E+14  5.396E+14  5.201E+14  4.928E+14  4.537E+14  3.962E+14  3.082E+14  1.697E+14  1.984E+13
  420.0000  5.882E+14  5.882E+14  5.879E+14  5.874E+14  5.866E+14  5.852E+14  5.831E+14  5.797E+14  5.750E+14  5.683E+14  5.587E+14  5.451E+14  5.262E+14  4.994E+14  4.610E+14  4.043E+14  3.168E+14  1.773E+14  2.084E+13
  425.0000  5.603E+14  5.603E+14  5.600E+14  5.596E+14  5.589E+14  5.576E+14  5.557E+14  5.527E+14  5.484E+14  5.423E+14  5.334E+14  5.210E+14  5.035E+14  4.787E+14  4.430E+14  3.900E+14  3.077E+14  1.748E+14  2.070E+13
  430.0000  5.161E+14  5.160E+14  5.158E+14  5.155E+14  5.148E+14  5.138E+14  5.121E+14  5.094E+14  5.056E+14  5.003E+14  4.924E+14  4.814E+14  4.657E+14  4.435E+14  4.115E+14  3.637E+14  2.889E+14  1.665E+14  1.999E+13
  435.0000  5.983E+14  5.983E+14  5.981E+14  5.977E+14  5.970E+14  5.959E+14  5.940E+14  5.911E+14  5.869E+14  5.809E+14  5.721E+14  5.597E+14  5.421E+14  5.171E+14  4.808E+14  4.265E+14  3.410E+14  1.993E+14  2.428E+13
  440.0000  6.149E+14  6.149E+14  6.147E+14  6.143E+14  6.137E+14  6.126E+14  6.108E+14  6.079E+14  6.037E+14  5.978E+14  5.891E+14  5.767E+14  5.592E+14  5.341E+14  4.976E+14  4.429E+14  3.561E+14  2.108E+14  2.609E+13
  445.0000  6.602E+14  6.602E+14  6.600E+14  6.596E+14  6.589E+14  6.578E+14  6.560E+14  6.530E+14  6.487E+14  6.426E+14  6.335E+14  6.207E+14  6.024E+14  5.761E+14  5.379E+14  4.802E+14  3.884E+14  2.329E+14  2.939E+13
  450.0000  7.022E+14  7.021E+14  7.019E+14  7.016E+14  7.009E+14  6.998E+14  6.979E+14  6.949E+14  6.905E+14  6.842E+14  6.749E+14  6.617E+14  6.427E+14  6.156E+14  5.759E+14  5.157E+14  4.194E+14  2.546E+14  3.288E+13
  455.0000  6.874E+14  6.874E+14  6.872E+14  6.869E+14  6.862E+14  6.852E+14  6.834E+14  6.806E+14  6.765E+14  6.705E+14  6.617E+14  6.491E+14  6.311E+14  6.051E+14  5.671E+14  5.094E+14  4.164E+14  2.558E+14  3.381E+13
  460.0000  7.075E+14  7.075E+14  7.073E+14  7.070E+14  7.063E+14  7.053E+14  7.035E+14  7.007E+14  6.965E+14  6.905E+14  6.817E+14  6.689E+14  6.507E+14  6.245E+14  5.861E+14  5.274E+14  4.327E+14  2.680E+14  3.604E+13
  465.0000  7.003E+14  7.003E+14  7.001E+14  6.998E+14  6.992E+14  6.982E+14  6.965E+14  6.938E+14  6.899E+14  6.841E+14  6.756E+14  6.634E+14  6.459E+14  6.206E+14  5.834E+14  5.265E+14  4.341E+14  2.720E+14  3.764E+13
  470.0000  6.974E+14  6.973E+14  6.972E+14  6.969E+14  6.963E+14  6.954E+14  6.938E+14  6.912E+14  6.873E+14  6.818E+14  6.736E+14  6.617E+14  6.447E+14  6.201E+14  5.838E+14  5.281E+14  4.374E+14  2.768E+14  3.938E+13
  475.0000  7.066E+14  7.065E+14  7.064E+14  7.061E+14  7.056E+14  7.046E+14  7.030E+14  7.004E+14  6.967E+14  6.912E+14  6.830E+14  6.713E+14  6.544E+14  6.300E+14  5.939E+14  5.385E+14  4.477E+14  2.859E+14  4.174E+13
  480.0000  7.273E+14  7.273E+14  7.271E+14  7.268E+14  7.262E+14  7.252E+14  7.236E+14  7.209E+14  7.171E+14  7.114E+14  7.031E+14  6.911E+14  6.739E+14  6.489E+14  6.120E+14  5.553E+14  4.623E+14  2.961E+14  4.379E+13
  485.0000  6.620E+14  6.619E+14  6.618E+14  6.615E+14  6.610E+14  6.601E+14  6.586E+14  6.563E+14  6.528E+14  6.478E+14  6.404E+14  6.297E+14  6.143E+14  5.920E+14  5.590E+14  5.082E+14  4.246E+14  2.742E+14  4.166E+13
  490.0000  6.912E+14  6.911E+14  6.910E+14  6.907E+14  6.902E+14  6.893E+14  6.878E+14  6.854E+14  6.819E+14  6.768E+14  6.693E+14  6.584E+14  6.427E+14  6.200E+14  5.863E+14  5.342E+14  4.482E+14  2.922E+14  4.588E+13
  495.0000  7.057E+14  7.057E+14  7.055E+14  7.052E+14  7.047E+14  7.038E+14  7.023E+14  6.998E+14  6.963E+14  6.912E+14  6.836E+14  6.727E+14  6.570E+14  6.342E+14  6.003E+14  5.478E+14  4.609E+14  3.026E+14  4.875E+13
  500.0000  6.740E+14  6.740E+14  6.739E+14  6.736E+14  6.730E+14  6.721E+14  6.707E+14  6.683E+14  6.649E+14  6.600E+14  6.528E+14  6.423E+14  6.273E+14  6.056E+14  5.733E+14  5.233E+14  4.404E+14  2.894E+14  4.719E+13
  505.0000  6.857E+14  6.857E+14  6.855E+14  6.851E+14  6.845E+14  6.835E+14  6.820E+14  6.795E+14  6.759E+14  6.709E+14  6.634E+14  6.527E+14  6.373E+14  6.150E+14  5.820E+14  5.310E+14  4.464E+14  2.926E+14  4.793E+13
  510.0000  6.823E+14  6.822E+14  6.820E+14  6.817E+14  6.811E+14  6.802E+14  6.786E+14  6.762E+14  6.728E+14  6.678E+14  6.605E+14  6.501E+14  6.352E+14  6.135E+14  5.813E+14  5.314E+14  4.484E+14  2.965E+14  5.022E+13
  515.0000  6.345E+14  6.345E+14  6.343E+14  6.340E+14  6.334E+14  6.325E+14  6.311E+14  6.289E+14  6.257E+14  6.212E+14  6.145E+14  6.049E+14  5.912E+14  5.713E+14  5.418E+14  4.959E+14  4.196E+14  2.791E+14  4.854E+13
  520.0000  6.542E+14  6.541E+14  6.539E+14  6.536E+14  6.529E+14  6.520E+14  6.505E+14  6.482E+14  6.449E+14  6.402E+14  6.334E+14  6.236E+14  6.095E+14  5.892E+14  5.589E+14  5.119E+14  4.336E+14  2.893E+14  5.127E+13
  525.0000  6.577E+14  6.576E+14  6.574E+14  6.570E+14  6.564E+14  6.554E+14  6.538E+14  6.514E+14  6.480E+14  6.432E+14  6.362E+14  6.262E+14  6.120E+14  5.914E+14  5.608E+14  5.133E+14  4.344E+14  2.891E+14  5.157E+13
  530.0000  6.939E+14  6.938E+14  6.936E+14  6.931E+14  6.923E+14  6.911E+14  6.894E+14  6.867E+14  6.830E+14  6.777E+14  6.701E+14  6.594E+14  6.441E+14  6.220E+14  5.893E+14  5.387E+14  4.546E+14  3.008E+14  5.350E+13
  535.0000  6.745E+14  6.744E+14  6.741E+14  6.737E+14  6.729E+14  6.717E+14  6.700E+14  6.673E+14  6.637E+14  6.585E+14  6.511E+14  6.407E+14  6.258E+14  6.044E+14  5.726E+14  5.235E+14  4.420E+14  2.927E+14  5.286E+13
  540.0000  6.777E+14  6.776E+14  6.773E+14  6.768E+14  6.761E+14  6.748E+14  6.731E+14  6.704E+14  6.668E+14  6.617E+14  6.543E+14  6.439E+14  6.291E+14  6.078E+14  5.762E+14  5.274E+14  4.461E+14  2.969E+14  5.492E+13
  545.0000  6.897E+14  6.896E+14  6.894E+14  6.888E+14  6.880E+14  6.868E+14  6.849E+14  6.821E+14  6.783E+14  6.730E+14  6.655E+14  6.548E+14  6.397E+14  6.180E+14  5.859E+14  5.361E+14  4.533E+14  3.016E+14  5.644E+13
  550.0000  6.942E+14  6.941E+14  6.938E+14  6.933E+14  6.924E+14  6.911E+14  6.892E+14  6.864E+14  6.825E+14  6.772E+14  6.695E+14  6.588E+14  6.436E+14  6.218E+14  5.895E+14  5.396E+14  4.564E+14  3.040E+14  5.776E+13
  555.0000  6.906E+14  6.905E+14  6.902E+14  6.896E+14  6.887E+14  6.873E+14  6.854E+14  6.826E+14  6.787E+14  6.734E+14  6.657E+14  6.551E+14  6.400E+14  6.184E+14  5.864E+14  5.370E+14  4.546E+14  3.034E+14  5.892E+13
  560.0000  6.749E+14  6.748E+14  6.745E+14  6.739E+14  6.730E+14  6.716E+14  6.696E+14  6.667E+14  6.628E+14  6.574E+14  6.498E+14  6.392E+14  6.242E+14  6.027E+14  5.711E+14  5.223E+14  4.412E+14  2.929E+14  5.685E+13
  565.0000  6.778E+14  6.776E+14  6.773E+14  6.766E+14  6.756E+14  6.741E+14  6.720E+14  6.689E+14  6.649E+14  6.593E+14  6.515E+14  6.406E+14  6.252E+14  6.034E+14  5.712E+14  5.216E+14  4.393E+14  2.899E+14  5.610E+13
  570.0000  6.762E+14  6.760E+14  6.756E+14  6.750E+14  6.739E+14  6.724E+14  6.702E+14  6.670E+14  6.629E+14  6.572E+14  6.493E+14  6.383E+14  6.229E+14  6.009E+14  5.686E+14  5.189E+14  4.365E+14  2.873E+14  5.592E+13
  575.0000  6.905E+14  6.904E+14  6.900E+14  6.892E+14  6.881E+14  6.865E+14  6.843E+14  6.810E+14  6.767E+14  6.709E+14  6.628E+14  6.516E+14  6.358E+14  6.134E+14  5.805E+14  5.299E+14  4.460E+14  2.939E+14  5.805E+13
  580.0000  6.831E+14  6.830E+14  6.826E+14  6.819E+14  6.808E+14  6.793E+14  6.771E+14  6.739E+14  6.698E+14  6.641E+14  6.563E+14  6.454E+14  6.302E+14  6.085E+14  5.766E+14  5.274E+14  4.457E+14  2.965E+14  6.063E+13
  585.0000  6.875E+14  6.874E+14  6.870E+14  6.863E+14  6.852E+14  6.837E+14  6.815E+14  6.784E+14  6.743E+14  6.688E+14  6.611E+14  6.504E+14  6.354E+14  6.141E+14  5.827E+14  5.341E+14  4.533E+14  3.046E+14  6.450E+13
  590.0000  6.667E+14  6.666E+14  6.662E+14  6.655E+14  6.645E+14  6.630E+14  6.609E+14  6.579E+14  6.540E+14  6.486E+14  6.412E+14  6.309E+14  6.165E+14  5.961E+14  5.659E+14  5.193E+14  4.416E+14  2.981E+14  6.458E+13
  595.0000  6.825E+14  6.824E+14  6.820E+14  6.812E+14  6.801E+14  6.785E+14  6.763E+14  6.731E+14  6.690E+14  6.634E+14  6.557E+14  6.450E+14  6.301E+14  6.090E+14  5.778E+14  5.298E+14  4.498E+14  3.027E+14  6.572E+13
  600.0000  6.683E+14  6.682E+14  6.677E+14  6.669E+14  6.658E+14  6.641E+14  6.619E+14  6.586E+14  6.544E+14  6.488E+14  6.410E+14  6.304E+14  6.155E+14  5.944E+14  5.635E+14  5.159E+14  4.368E+14  2.922E+14  6.318E+13
  605.0000  6.794E+14  6.793E+14  6.788E+14  6.780E+14  6.768E+14  6.751E+14  6.728E+14  6.695E+14  6.653E+14  6.596E+14  6.517E+14  6.409E+14  6.259E+14  6.046E+14  5.734E+14  5.254E+14  4.454E+14  2.990E+14  6.588E+13
  610.0000  6.753E+14  6.752E+14  6.747E+14  6.740E+14  6.728E+14  6.712E+14  6.690E+14  6.658E+14  6.618E+14  6.563E+14  6.488E+14  6.384E+14  6.240E+14  6.036E+14  5.735E+14  5.271E+14  4.496E+14  3.061E+14  7.045E+13
  615.0000  6.639E+14  6.637E+14  6.633E+14  6.626E+14  6.615E+14  6.600E+14  6.579E+14  6.550E+14  6.512E+14  6.460E+14  6.389E+14  6.291E+14  6.155E+14  5.962E+14  5.677E+14  5.236E+14  4.495E+14  3.108E+14  7.495E+13
  620.0000  6.779E+14  6.778E+14  6.774E+14  6.767E+14  6.756E+14  6.741E+14  6.721E+14  6.692E+14  6.654E+14  6.604E+14  6.533E+14  6.437E+14  6.303E+14  6.112E+14  5.830E+14  5.393E+14  4.655E+14  3.260E+14  8.183E+13
  625.0000  6.676E+14  6.674E+14  6.671E+14  6.664E+14  6.654E+14  6.639E+14  6.620E+14  6.592E+14  6.556E+14  6.507E+14  6.440E+14  6.348E+14  6.220E+14  6.036E+14  5.766E+14  5.346E+14  4.635E+14  3.280E+14  8.522E+13
  630.0000  6.727E+14  6.726E+14  6.722E+14  6.716E+14  6.706E+14  6.692E+14  6.673E+14  6.646E+14  6.610E+14  6.563E+14  6.498E+14  6.408E+14  6.282E+14  6.103E+14  5.839E+14  5.427E+14  4.727E+14  3.382E+14  9.105E+13
  635.0000  6.724E+14  6.723E+14  6.719E+14  6.713E+14  6.703E+14  6.690E+14  6.671E+14  6.645E+14  6.611E+14  6.566E+14  6.503E+14  6.416E+14  6.294E+14  6.121E+14  5.865E+14  5.466E+14  4.785E+14  3.464E+14  9.673E+13
  640.0000  6.690E+14  6.689E+14  6.686E+14  6.679E+14  6.670E+14  6.657E+14  6.640E+14  6.615E+14  6.582E+14  6.538E+14  6.478E+14  6.395E+14  6.278E+14  6.112E+14  5.866E+14  5.481E+14  4.822E+14  3.533E+14  1.023E+14
  644.8000  6.693E+14  6.692E+14  6.689E+14  6.683E+14  6.674E+14  6.661E+14  6.644E+14  6.620E+14  6.588E+14  6.546E+14  6.488E+14  6.407E+14  6.294E+14  6.133E+14  5.894E+14  5.520E+14  4.878E+14  3.611E+14  1.081E+14
  651.0500  6.661E+14  6.660E+14  6.656E+14  6.651E+14  6.642E+14  6.630E+14  6.613E+14  6.590E+14  6.560E+14  6.519E+14  6.463E+14  6.385E+14  6.277E+14  6.122E+14  5.893E+14  5.532E+14  4.912E+14  3.676E+14  1.141E+14
  660.0000  6.391E+14  6.390E+14  6.387E+14  6.382E+14  6.374E+14  6.363E+14  6.348E+14  6.326E+14  6.299E+14  6.262E+14  6.210E+14  6.140E+14  6.041E+14  5.900E+14  5.691E+14  5.362E+14  4.792E+14  3.644E+14  1.190E+14
  670.0000  6.643E+14  6.642E+14  6.639E+14  6.634E+14  6.626E+14  6.614E+14  6.599E+14  6.579E+14  6.551E+14  6.515E+14  6.465E+14  6.396E+14  6.300E+14  6.162E+14  5.957E+14  5.634E+14  5.072E+14  3.923E+14  1.355E+14
  680.0000  6.603E+14  6.602E+14  6.599E+14  6.594E+14  6.586E+14  6.575E+14  6.561E+14  6.541E+14  6.516E+14  6.481E+14  6.434E+14  6.369E+14  6.278E+14  6.148E+14  5.955E+14  5.650E+14  5.118E+14  4.018E+14  1.457E+14
  690.0000  6.586E+14  6.585E+14  6.582E+14  6.577E+14  6.570E+14  6.559E+14  6.545E+14  6.526E+14  6.502E+14  6.469E+14  6.424E+14  6.362E+14  6.275E+14  6.151E+14  5.968E+14  5.677E+14  5.169E+14  4.109E+14  1.554E+14
  700.0000  6.550E+14  6.549E+14  6.546E+14  6.541E+14  6.534E+14  6.524E+14  6.510E+14  6.492E+14  6.468E+14  6.437E+14  6.394E+14  6.335E+14  6.253E+14  6.136E+14  5.962E+14  5.687E+14  5.205E+14  4.188E+14  1.650E+14
  710.0000  6.470E+14  6.469E+14  6.466E+14  6.461E+14  6.454E+14  6.444E+14  6.431E+14  6.413E+14  6.390E+14  6.360E+14  6.319E+14  6.262E+14  6.184E+14  6.072E+14  5.907E+14  5.645E+14  5.185E+14  4.208E+14  1.712E+14
  720.0000  6.329E+14  6.328E+14  6.325E+14  6.320E+14  6.313E+14  6.303E+14  6.291E+14  6.273E+14  6.251E+14  6.222E+14  6.182E+14  6.129E+14  6.054E+14  5.948E+14  5.791E+14  5.544E+14  5.108E+14  4.177E+14  1.750E+14
  730.0000  6.253E+14  6.252E+14  6.249E+14  6.244E+14  6.238E+14  6.228E+14  6.216E+14  6.199E+14  6.177E+14  6.149E+14  6.111E+14  6.059E+14  5.988E+14  5.887E+14  5.738E+14  5.502E+14  5.087E+14  4.195E+14  1.811E+14
------------------------------------------------------------
Photolysis rate coefficients, s-1
   1 = O3 -> O2 + O(1D)                                  
   2 = NO2 -> NO + O(3P)                                 
   3 = HNO2 -> OH + NO                                   
   4 = HNO3 -> OH + NO2                                  
   5 = Cl2 -> Cl + Cl                                    
   6 = ClOO -> Products                                  
   7 = OClO -> Products                                  
   8 = ClOOCl -> Cl + ClOO                               
   9 = ClNO2 -> Cl + NO2                                 
  10 = Br2 -> Br + Br                                    
  11 = BrO -> Br + O                                     
  12 = HOBr -> OH + Br                                   
  13 = BrNO -> Br + NO                                   
  14 = BrONO -> Br + NO2                                 
  15 = BrONO -> BrO + NO                                 
  16 = BrNO2 -> Br + NO2                                 
  17 = BrONO2 -> BrO + NO2                               
  18 = BrONO2 -> Br + NO3                                
  19 = BrCl -> Br + Cl                                   
values at z =      9.000 km
Columns: sza, photo-reactions
 sza, deg.          1          2          3          4          5          6          7          8          9         10         11         12         13         14         15         16         17         18         19
    0.0000  6.787E-05  1.423E-02  2.536E-03  1.054E-06  4.079E-03  0.000E+00  1.333E-01  3.122E-03  8.983E-04  4.325E-02  6.829E-02  3.545E-03  3.165E-02  2.152E-02  2.152E-02  7.266E-03  3.432E-04  1.945E-03  1.564E-02
    5.0000  6.742E-05  1.422E-02  2.535E-03  1.049E-06  4.075E-03  0.000E+00  1.332E-01  3.118E-03  8.971E-04  4.324E-02  6.822E-02  3.543E-03  3.165E-02  2.149E-02  2.149E-02  7.263E-03  3.429E-04  1.943E-03  1.563E-02
   10.0000  6.609E-05  1.420E-02  2.530E-03  1.036E-06  4.065E-03  0.000E+00  1.330E-01  3.106E-03  8.934E-04  4.322E-02  6.801E-02  3.536E-03  3.162E-02  2.141E-02  2.141E-02  7.253E-03  3.421E-04  1.939E-03  1.562E-02
   15.0000  6.388E-05  1.416E-02  2.523E-03  1.014E-06  4.046E-03  0.000E+00  1.326E-01  3.084E-03  8.870E-04  4.319E-02  6.765E-02  3.524E-03  3.158E-02  2.128E-02  2.128E-02  7.236E-03  3.407E-04  1.930E-03  1.560E-02
   20.0000  6.084E-05  1.410E-02  2.511E-03  9.838E-07  4.018E-03  0.000E+00  1.320E-01  3.052E-03  8.777E-04  4.314E-02  6.711E-02  3.506E-03  3.151E-02  2.107E-02  2.107E-02  7.209E-03  3.385E-04  1.918E-03  1.556E-02
   25.0000  5.700E-05  1.402E-02  2.494E-03  9.443E-07  3.980E-03  0.000E+00  1.312E-01  3.009E-03  8.651E-04  4.305E-02  6.636E-02  3.481E-03  3.140E-02  2.079E-02  2.079E-02  7.170E-03  3.356E-04  1.902E-03  1.550E-02
   30.0000  5.244E-05  1.390E-02  2.470E-03  8.959E-07  3.928E-03  0.000E+00  1.300E-01  2.953E-03  8.486E-04  4.291E-02  6.536E-02  3.446E-03  3.126E-02  2.043E-02  2.043E-02  7.116E-03  3.316E-04  1.879E-03  1.542E-02
   35.0000  4.719E-05  1.373E-02  2.437E-03  8.380E-07  3.857E-03  0.000E+00  1.284E-01  2.880E-03  8.272E-04  4.269E-02  6.402E-02  3.399E-03  3.105E-02  1.995E-02  1.995E-02  7.040E-03  3.263E-04  1.849E-03  1.530E-02
   40.0000  4.144E-05  1.351E-02  2.394E-03  7.722E-07  3.769E-03  0.000E+00  1.262E-01  2.791E-03  8.009E-04  4.238E-02  6.234E-02  3.339E-03  3.077E-02  1.935E-02  1.935E-02  6.939E-03  3.196E-04  1.811E-03  1.513E-02
   45.0000  3.536E-05  1.322E-02  2.338E-03  6.987E-07  3.656E-03  0.000E+00  1.234E-01  2.681E-03  7.687E-04  4.195E-02  6.022E-02  3.261E-03  3.039E-02  1.861E-02  1.861E-02  6.807E-03  3.111E-04  1.763E-03  1.491E-02
   50.0000  2.902E-05  1.284E-02  2.262E-03  6.167E-07  3.510E-03  0.000E+00  1.197E-01  2.546E-03  7.285E-04  4.132E-02  5.749E-02  3.159E-03  2.986E-02  1.768E-02  1.768E-02  6.628E-03  3.001E-04  1.700E-03  1.459E-02
   55.0000  2.270E-05  1.232E-02  2.163E-03  5.277E-07  3.324E-03  0.000E+00  1.147E-01  2.379E-03  6.792E-04  4.044E-02  5.405E-02  3.027E-03  2.915E-02  1.652E-02  1.652E-02  6.391E-03  2.861E-04  1.621E-03  1.417E-02
   60.0000  1.666E-05  1.164E-02  2.033E-03  4.334E-07  3.088E-03  0.000E+00  1.083E-01  2.176E-03  6.189E-04  3.920E-02  4.971E-02  2.856E-03  2.818E-02  1.509E-02  1.509E-02  6.075E-03  2.682E-04  1.520E-03  1.358E-02
   65.0000  1.122E-05  1.074E-02  1.862E-03  3.359E-07  2.786E-03  0.000E+00  9.971E-02  1.927E-03  5.453E-04  3.744E-02  4.424E-02  2.633E-03  2.684E-02  1.332E-02  1.332E-02  5.653E-03  2.454E-04  1.391E-03  1.278E-02
   70.0000  6.708E-06  9.534E-03  1.634E-03  2.389E-07  2.401E-03  0.000E+00  8.833E-02  1.624E-03  4.558E-04  3.489E-02  3.737E-02  2.341E-03  2.496E-02  1.114E-02  1.114E-02  5.081E-03  2.160E-04  1.224E-03  1.166E-02
   75.0000  3.395E-06  7.891E-03  1.329E-03  1.479E-07  1.908E-03  0.000E+00  7.299E-02  1.255E-03  3.478E-04  3.109E-02  2.879E-02  1.950E-03  2.222E-02  8.471E-03  8.471E-03  4.291E-03  1.776E-04  1.006E-03  1.006E-02
   80.0000  1.359E-06  5.637E-03  9.213E-04  7.119E-08  1.286E-03  0.000E+00  5.213E-02  8.145E-04  2.211E-04  2.510E-02  1.839E-02  1.421E-03  1.804E-02  5.322E-03  5.322E-03  3.177E-03  1.271E-04  7.200E-04  7.708E-03
   85.0000  3.746E-07  2.675E-03  4.137E-04  2.063E-08  5.654E-04  0.000E+00  2.499E-02  3.404E-04  8.909E-05  1.514E-02  7.331E-03  7.228E-04  1.125E-02  2.080E-03  2.080E-03  1.625E-03  6.271E-05  3.554E-04  4.211E-03
   90.0000  5.943E-08  3.408E-04  5.558E-05  2.747E-09  7.632E-05  0.000E+00  3.207E-03  4.587E-05  1.217E-05  2.146E-03  1.030E-03  9.710E-05  2.095E-03  2.943E-04  2.943E-04  2.024E-04  8.192E-06  4.642E-05  5.549E-04
------------------------------------------------------------
