Spectral actinic flux, quanta cm-2 s-1 nm-1
values at z =     11.000 km
Columns: wavelength (nm), solar zenith angles (deg.)
    wc, nm      0.000      5.000     10.000     15.000     20.000     25.000     30.000     35.000     40.000     45.000     50.000     55.000     60.000     65.000     70.000     75.000     80.000     85.000     90.000
  120.7000  0.000E+00  0.000E+00  0.000E+00  0.000E+00  0.000E+00  0.000E+00  0.000E+00  0.000E+00  0.000E+00  0.000E+00  0.000E+00  0.000E+00  0.000E+00  0.000E+00  0.000E+00  0.000E+00  0.000E+00  0.000E+00  0.000E+00
  121.6500  0.000E+00  0.000E+00  0.000E+00  0.000E+00  0.000E+00  0.000E+00  0.000E+00  0.000E+00  0.000E+00  0.000E+00  0.000E+00  0.000E+00  0.000E+00  0.000E+00  0.000E+00  0.000E+00  0.000E+00  0.000E+00  0.000E+00
  122.1000  0.000E+00  0.000E+00  0.000E+00  0.000E+00  0.000E+00  0.000E+00  0.000E+00  0.000E+00  0.000E+00  0.000E+00  0.000E+00  0.000E+00  0.000E+00  0.000E+00  0.000E+00  0.000E+00  0.000E+00  0.000E+00  0.000E+00
  122.7000  0.000E+00  0.000E+00  0.000E+00  0.000E+00  0.000E+00  0.000E+00  0.000E+00  0.000E+00  0.000E+00  0.000E+00  0.000E+00  0.000E+00  0.000E+00  0.000E+00  0.000E+00  0.000E+00  0.000E+00  0.000E+00  0.000E+00
  123.4500  0.000E+00  0.000E+00  0.000E+00  0.000E+00  0.000E+00  0.000E+00  0.000E+00  0.000E+00  0.000E+00  0.000E+00  0.000E+00  0.000E+00  0.000E+00  0.000E+00  0.000E+00  0.000E+00  0.000E+00  0.000E+00  0.000E+00
  124.2000  0.000E+00  0.000E+00  0.000E+00  0.000E+00  0.000E+00  0.000E+00  0.000E+00  0.000E+00  0.000E+00  0.000E+00  0.000E+00  0.000E+00  0.000E+00  0.000E+00  0.000E+00  0.000E+00  0.000E+00  0.000E+00  0.000E+00
  125.0000  0.000E+00  0.000E+00  0.000E+00  0.000E+00  0.000E+00  0.000E+00  0.000E+00  0.000E+00  0.000E+00  0.000E+00  0.000E+00  0.000E+00  0.000E+00  0.000E+00  0.000E+00  0.000E+00  0.000E+00  0.000E+00  0.000E+00
  125.8000  0.000E+00  0.000E+00  0.000E+00  0.000E+00  0.000E+00  0.000E+00  0.000E+00  0.000E+00  0.000E+00  0.000E+00  0.000E+00  0.000E+00  0.000E+00  0.000E+00  0.000E+00  0.000E+00  0.000E+00  0.000E+00  0.000E+00
  126.6000  0.000E+00  0.000E+00  0.000E+00  0.000E+00  0.000E+00  0.000E+00  0.000E+00  0.000E+00  0.000E+00  0.000E+00  0.000E+00  0.000E+00  0.000E+00  0.000E+00  0.000E+00  0.000E+00  0.000E+00  0.000E+00  0.000E+00
  127.8000  0.000E+00  0.000E+00  0.000E+00  0.000E+00  0.000E+00  0.000E+00  0.000E+00  0.000E+00  0.000E+00  0.000E+00  0.000E+00  0.000E+00  0.000E+00  0.000E+00  0.000E+00  0.000E+00  0.000E+00  0.000E+00  0.000E+00
  129.0000  0.000E+00  0.000E+00  0.000E+00  0.000E+00  0.000E+00  0.000E+00  0.000E+00  0.000E+00  0.000E+00  0.000E+00  0.000E+00  0.000E+00  0.000E+00  0.000E+00  0.000E+00  0.000E+00  0.000E+00  0.000E+00  0.000E+00
  129.8500  0.000E+00  0.000E+00  0.000E+00  0.000E+00  0.000E+00  0.000E+00  0.000E+00  0.000E+00  0.000E+00  0.000E+00  0.000E+00  0.000E+00  0.000E+00  0.000E+00  0.000E+00  0.000E+00  0.000E+00  0.000E+00  0.000E+00
  131.1500  0.000E+00  0.000E+00  0.000E+00  0.000E+00  0.000E+00  0.000E+00  0.000E+00  0.000E+00  0.000E+00  0.000E+00  0.000E+00  0.000E+00  0.000E+00  0.000E+00  0.000E+00  0.000E+00  0.000E+00  0.000E+00  0.000E+00
  133.5000  0.000E+00  0.000E+00  0.000E+00  0.000E+00  0.000E+00  0.000E+00  0.000E+00  0.000E+00  0.000E+00  0.000E+00  0.000E+00  0.000E+00  0.000E+00  0.000E+00  0.000E+00  0.000E+00  0.000E+00  0.000E+00  0.000E+00
  136.0000  0.000E+00  0.000E+00  0.000E+00  0.000E+00  0.000E+00  0.000E+00  0.000E+00  0.000E+00  0.000E+00  0.000E+00  0.000E+00  0.000E+00  0.000E+00  0.000E+00  0.000E+00  0.000E+00  0.000E+00  0.000E+00  0.000E+00
  141.0000  0.000E+00  0.000E+00  0.000E+00  0.000E+00  0.000E+00  0.000E+00  0.000E+00  0.000E+00  0.000E+00  0.000E+00  0.000E+00  0.000E+00  0.000E+00  0.000E+00  0.000E+00  0.000E+00  0.000E+00  0.000E+00  0.000E+00
  150.0000  0.000E+00  0.000E+00  0.000E+00  0.000E+00  0.000E+00  0.000E+00  0.000E+00  0.000E+00  0.000E+00  0.000E+00  0.000E+00  0.000E+00  0.000E+00  0.000E+00  0.000E+00  0.000E+00  0.000E+00  0.000E+00  0.000E+00
  160.0000  0.000E+00  0.000E+00  0.000E+00  0.000E+00  0.000E+00  0.000E+00  0.000E+00  0.000E+00  0.000E+00  0.000E+00  0.000E+00  0.000E+00  0.000E+00  0.000E+00  0.000E+00  0.000E+00  0.000E+00  0.000E+00  0.000E+00
  167.5000  0.000E+00  0.000E+00  0.000E+00  0.000E+00  0.000E+00  0.000E+00  0.000E+00  0.000E+00  0.000E+00  0.000E+00  0.000E+00  0.000E+00  0.000E+00  0.000E+00  0.000E+00  0.000E+00  0.000E+00  0.000E+00  0.000E+00
  172.2000  0.000E+00  0.000E+00  0.000E+00  0.000E+00  0.000E+00  0.000E+00  0.000E+00  0.000E+00  0.000E+00  0.000E+00  0.000E+00  0.000E+00  0.000E+00  0.000E+00  0.000E+00  0.000E+00  0.000E+00  0.000E+00  0.000E+00
  175.7000  0.000E+00  0.000E+00  0.000E+00  0.000E+00  0.000E+00  0.000E+00  0.000E+00  0.000E+00  0.000E+00  0.000E+00  0.000E+00  0.000E+00  0.000E+00  0.000E+00  0.000E+00  0.000E+00  0.000E+00  0.000E+00  0.000E+00
  177.8000  0.000E+00  0.000E+00  0.000E+00  0.000E+00  0.000E+00  0.000E+00  0.000E+00  0.000E+00  0.000E+00  0.000E+00  0.000E+00  0.000E+00  0.000E+00  0.000E+00  0.000E+00  0.000E+00  0.000E+00  0.000E+00  0.000E+00
  179.4000  0.000E+00  0.000E+00  0.000E+00  0.000E+00  0.000E+00  0.000E+00  0.000E+00  0.000E+00  0.000E+00  0.000E+00  0.000E+00  0.000E+00  0.000E+00  0.000E+00  0.000E+00  0.000E+00  0.000E+00  0.000E+00  0.000E+00
  181.0000  0.000E+00  0.000E+00  0.000E+00  0.000E+00  0.000E+00  0.000E+00  0.000E+00  0.000E+00  0.000E+00  0.000E+00  0.000E+00  0.000E+00  0.000E+00  0.000E+00  0.000E+00  0.000E+00  0.000E+00  0.000E+00  0.000E+00
  182.6500  0.000E+00  0.000E+00  0.000E+00  0.000E+00  0.000E+00  0.000E+00  0.000E+00  0.000E+00  0.000E+00  0.000E+00  0.000E+00  0.000E+00  0.000E+00  0.000E+00  0.000E+00  0.000E+00  0.000E+00  0.000E+00  0.000E+00
  184.3500  0.000E+00  0.000E+00  0.000E+00  0.000E+00  0.000E+00  0.000E+00  0.000E+00  0.000E+00  0.000E+00  0.000E+00  0.000E+00  0.000E+00  0.000E+00  0.000E+00  0.000E+00  0.000E+00  0.000E+00  0.000E+00  0.000E+00
  186.0500  0.000E+00  0.000E+00  0.000E+00  0.000E+00  0.000E+00  0.000E+00  0.000E+00  0.000E+00  0.000E+00  0.000E+00  0.000E+00  0.000E+00  0.000E+00  0.000E+00  0.000E+00  0.000E+00  0.000E+00  0.000E+00  0.000E+00
  187.8000  0.000E+00  0.000E+00  0.000E+00  0.000E+00  0.000E+00  0.000E+00  0.000E+00  0.000E+00  0.000E+00  0.000E+00  0.000E+00  0.000E+00  0.000E+00  0.000E+00  0.000E+00  0.000E+00  0.000E+00  0.000E+00  0.000E+00
  189.6000  0.000E+00  0.000E+00  0.000E+00  0.000E+00  0.000E+00  0.000E+00  0.000E+00  0.000E+00  0.000E+00  0.000E+00  0.000E+00  0.000E+00  0.000E+00  0.000E+00  0.000E+00  0.000E+00  0.000E+00  0.000E+00  0.000E+00
  191.4000  0.000E+00  0.000E+00  0.000E+00  0.000E+00  0.000E+00  0.000E+00  0.000E+00  0.000E+00  0.000E+00  0.000E+00  0.000E+00  0.000E+00  0.000E+00  0.000E+00  0.000E+00  0.000E+00  0.000E+00  0.000E+00  0.000E+00
  193.2500  0.000E+00  0.000E+00  0.000E+00  0.000E+00  0.000E+00  0.000E+00  0.000E+00  0.000E+00  0.000E+00  0.000E+00  0.000E+00  0.000E+00  0.000E+00  0.000E+00  0.000E+00  0.000E+00  0.000E+00  0.000E+00  0.000E+00
  195.1500  0.000E+00  0.000E+00  0.000E+00  0.000E+00  0.000E+00  0.000E+00  0.000E+00  0.000E+00  0.000E+00  0.000E+00  0.000E+00  0.000E+00  0.000E+00  0.000E+00  0.000E+00  0.000E+00  0.000E+00  0.000E+00  0.000E+00
  197.0500  0.000E+00  0.000E+00  0.000E+00  0.000E+00  0.000E+00  0.000E+00  0.000E+00  0.000E+00  5.582E+04  2.448E+04  1.157E+04  6.449E+03  4.097E+03  2.783E+03  1.909E+03  1.354E+03  8.760E+02  5.141E+02  2.114E+02
  199.0000  4.086E+06  3.914E+06  3.436E+06  2.754E+06  2.002E+06  1.309E+06  7.625E+05  3.843E+05  1.814E+05  8.046E+04  3.751E+04  2.027E+04  1.243E+04  8.117E+03  5.381E+03  3.604E+03  2.247E+03  1.226E+03  4.174E+02
  201.0000  6.678E+06  6.402E+06  5.634E+06  4.534E+06  3.315E+06  2.183E+06  1.283E+06  6.595E+05  3.099E+05  1.374E+05  6.341E+04  3.383E+04  2.054E+04  1.329E+04  8.755E+03  5.775E+03  3.577E+03  1.901E+03  5.860E+02
  203.0500  1.341E+07  1.286E+07  1.134E+07  9.154E+06  6.721E+06  4.449E+06  2.629E+06  1.347E+06  6.380E+05  2.801E+05  1.265E+05  6.565E+04  3.892E+04  2.464E+04  1.596E+04  1.026E+04  6.272E+03  3.289E+03  9.974E+02
  204.9500  1.624E+07  1.557E+07  1.373E+07  1.107E+07  8.121E+06  5.366E+06  3.160E+06  1.613E+06  7.540E+05  3.248E+05  1.429E+05  7.241E+04  4.227E+04  2.650E+04  1.707E+04  1.091E+04  6.657E+03  3.477E+03  1.025E+03
  207.0665  1.623E+07  1.556E+07  1.369E+07  1.101E+07  8.036E+06  5.274E+06  3.077E+06  1.547E+06  7.093E+05  2.964E+05  1.256E+05  6.177E+04  3.555E+04  2.222E+04  1.434E+04  9.248E+03  5.714E+03  3.078E+03  9.851E+02
  209.4295  1.915E+07  1.833E+07  1.606E+07  1.281E+07  9.246E+06  5.971E+06  3.408E+06  1.658E+06  7.322E+05  2.902E+05  1.161E+05  5.490E+04  3.114E+04  1.946E+04  1.265E+04  8.251E+03  5.184E+03  2.859E+03  9.455E+02
  211.6460  0.000E+00  0.000E+00  0.000E+00  0.000E+00  0.000E+00  0.000E+00  0.000E+00  0.000E+00  0.000E+00  0.000E+00  0.000E+00  0.000E+00  0.000E+00  0.000E+00  0.000E+00  0.000E+00  0.000E+00  0.000E+00  0.000E+00
  213.9100  0.000E+00  0.000E+00  0.000E+00  0.000E+00  0.000E+00  0.000E+00  0.000E+00  0.000E+00  0.000E+00  0.000E+00  0.000E+00  0.000E+00  0.000E+00  0.000E+00  0.000E+00  0.000E+00  0.000E+00  0.000E+00  0.000E+00
  216.2225  0.000E+00  0.000E+00  0.000E+00  0.000E+00  0.000E+00  0.000E+00  0.000E+00  0.000E+00  0.000E+00  0.000E+00  0.000E+00  0.000E+00  0.000E+00  0.000E+00  0.000E+00  0.000E+00  0.000E+00  0.000E+00  0.000E+00
  218.5855  0.000E+00  0.000E+00  0.000E+00  0.000E+00  0.000E+00  0.000E+00  0.000E+00  0.000E+00  0.000E+00  0.000E+00  0.000E+00  0.000E+00  0.000E+00  0.000E+00  0.000E+00  0.000E+00  0.000E+00  0.000E+00  0.000E+00
  221.0010  0.000E+00  0.000E+00  0.000E+00  0.000E+00  0.000E+00  0.000E+00  0.000E+00  0.000E+00  0.000E+00  0.000E+00  0.000E+00  0.000E+00  0.000E+00  0.000E+00  0.000E+00  0.000E+00  0.000E+00  0.000E+00  0.000E+00
  223.4705  0.000E+00  0.000E+00  0.000E+00  0.000E+00  0.000E+00  0.000E+00  0.000E+00  0.000E+00  0.000E+00  0.000E+00  0.000E+00  0.000E+00  0.000E+00  0.000E+00  0.000E+00  0.000E+00  0.000E+00  0.000E+00  0.000E+00
  225.9960  0.000E+00  0.000E+00  0.000E+00  0.000E+00  0.000E+00  0.000E+00  0.000E+00  0.000E+00  0.000E+00  0.000E+00  0.000E+00  0.000E+00  0.000E+00  0.000E+00  0.000E+00  0.000E+00  0.000E+00  0.000E+00  0.000E+00
  228.5790  0.000E+00  0.000E+00  0.000E+00  0.000E+00  0.000E+00  0.000E+00  0.000E+00  0.000E+00  0.000E+00  0.000E+00  0.000E+00  0.000E+00  0.000E+00  0.000E+00  0.000E+00  0.000E+00  0.000E+00  0.000E+00  0.000E+00
  231.2215  0.000E+00  0.000E+00  0.000E+00  0.000E+00  0.000E+00  0.000E+00  0.000E+00  0.000E+00  0.000E+00  0.000E+00  0.000E+00  0.000E+00  0.000E+00  0.000E+00  0.000E+00  0.000E+00  0.000E+00  0.000E+00  0.000E+00
  233.9260  0.000E+00  0.000E+00  0.000E+00  0.000E+00  0.000E+00  0.000E+00  0.000E+00  0.000E+00  0.000E+00  0.000E+00  0.000E+00  0.000E+00  0.000E+00  0.000E+00  0.000E+00  0.000E+00  0.000E+00  0.000E+00  0.000E+00
  236.6945  0.000E+00  0.000E+00  0.000E+00  0.000E+00  0.000E+00  0.000E+00  0.000E+00  0.000E+00  0.000E+00  0.000E+00  0.000E+00  0.000E+00  0.000E+00  0.000E+00  0.000E+00  0.000E+00  0.000E+00  0.000E+00  0.000E+00
  239.5295  0.000E+00  0.000E+00  0.000E+00  0.000E+00  0.000E+00  0.000E+00  0.000E+00  0.000E+00  0.000E+00  0.000E+00  0.000E+00  0.000E+00  0.000E+00  0.000E+00  0.000E+00  0.000E+00  0.000E+00  0.000E+00  0.000E+00
  242.4330  0.000E+00  0.000E+00  0.000E+00  0.000E+00  0.000E+00  0.000E+00  0.000E+00  0.000E+00  0.000E+00  0.000E+00  0.000E+00  0.000E+00  0.000E+00  0.000E+00  0.000E+00  0.000E+00  0.000E+00  0.000E+00  0.000E+00
  245.4080  0.000E+00  0.000E+00  0.000E+00  0.000E+00  0.000E+00  0.000E+00  0.000E+00  0.000E+00  0.000E+00  0.000E+00  0.000E+00  0.000E+00  0.000E+00  0.000E+00  0.000E+00  0.000E+00  0.000E+00  0.000E+00  0.000E+00
  248.4570  0.000E+00  0.000E+00  0.000E+00  0.000E+00  0.000E+00  0.000E+00  0.000E+00  0.000E+00  0.000E+00  0.000E+00  0.000E+00  0.000E+00  0.000E+00  0.000E+00  0.000E+00  0.000E+00  0.000E+00  0.000E+00  0.000E+00
  251.5825  0.000E+00  0.000E+00  0.000E+00  0.000E+00  0.000E+00  0.000E+00  0.000E+00  0.000E+00  0.000E+00  0.000E+00  0.000E+00  0.000E+00  0.000E+00  0.000E+00  0.000E+00  0.000E+00  0.000E+00  0.000E+00  0.000E+00
  254.7875  0.000E+00  0.000E+00  0.000E+00  0.000E+00  0.000E+00  0.000E+00  0.000E+00  0.000E+00  0.000E+00  0.000E+00  0.000E+00  0.000E+00  0.000E+00  0.000E+00  0.000E+00  0.000E+00  0.000E+00  0.000E+00  0.000E+00
  258.0750  0.000E+00  0.000E+00  0.000E+00  0.000E+00  0.000E+00  0.000E+00  0.000E+00  0.000E+00  0.000E+00  0.000E+00  0.000E+00  0.000E+00  0.000E+00  0.000E+00  0.000E+00  0.000E+00  0.000E+00  0.000E+00  0.000E+00
  261.4490  0.000E+00  0.000E+00  0.000E+00  0.000E+00  0.000E+00  0.000E+00  0.000E+00  0.000E+00  0.000E+00  0.000E+00  0.000E+00  0.000E+00  0.000E+00  0.000E+00  0.000E+00  0.000E+00  0.000E+00  0.000E+00  0.000E+00
  264.9125  0.000E+00  0.000E+00  0.000E+00  0.000E+00  0.000E+00  0.000E+00  0.000E+00  0.000E+00  0.000E+00  0.000E+00  0.000E+00  0.000E+00  0.000E+00  0.000E+00  0.000E+00  0.000E+00  0.000E+00  0.000E+00  0.000E+00
  268.4685  0.000E+00  0.000E+00  0.000E+00  0.000E+00  0.000E+00  0.000E+00  0.000E+00  0.000E+00  0.000E+00  0.000E+00  0.000E+00  0.000E+00  0.000E+00  0.000E+00  0.000E+00  0.000E+00  0.000E+00  0.000E+00  0.000E+00
  272.1215  0.000E+00  0.000E+00  0.000E+00  0.000E+00  0.000E+00  0.000E+00  0.000E+00  0.000E+00  0.000E+00  0.000E+00  0.000E+00  0.000E+00  0.000E+00  0.000E+00  0.000E+00  0.000E+00  0.000E+00  0.000E+00  0.000E+00
  275.8755  0.000E+00  0.000E+00  0.000E+00  0.000E+00  0.000E+00  0.000E+00  0.000E+00  0.000E+00  0.000E+00  0.000E+00  0.000E+00  0.000E+00  0.000E+00  0.000E+00  0.000E+00  0.000E+00  0.000E+00  0.000E+00  0.000E+00
  279.7340  0.000E+00  0.000E+00  0.000E+00  0.000E+00  0.000E+00  0.000E+00  0.000E+00  0.000E+00  0.000E+00  0.000E+00  0.000E+00  0.000E+00  0.000E+00  0.000E+00  0.000E+00  0.000E+00  0.000E+00  0.000E+00  0.000E+00
  283.7020  0.000E+00  0.000E+00  0.000E+00  0.000E+00  0.000E+00  0.000E+00  0.000E+00  0.000E+00  0.000E+00  0.000E+00  0.000E+00  0.000E+00  0.000E+00  0.000E+00  0.000E+00  0.000E+00  0.000E+00  0.000E+00  0.000E+00
  287.7845  0.000E+00  0.000E+00  0.000E+00  0.000E+00  0.000E+00  0.000E+00  0.000E+00  0.000E+00  0.000E+00  0.000E+00  0.000E+00  0.000E+00  0.000E+00  0.000E+00  0.000E+00  0.000E+00  0.000E+00  0.000E+00  0.000E+00
  291.9865  3.815E+10  3.698E+10  3.367E+10  2.867E+10  2.271E+10  1.655E+10  1.096E+10  6.439E+09  3.292E+09  1.410E+09  4.832E+08  1.319E+08  3.526E+07  1.502E+07  9.384E+06  6.315E+06  4.208E+06  2.569E+06  1.045E+06
  296.3090  1.198E+12  1.176E+12  1.114E+12  1.014E+12  8.847E+11  7.356E+11  5.780E+11  4.235E+11  2.854E+11  1.731E+11  9.090E+10  3.962E+10  1.368E+10  3.907E+09  1.351E+09  7.402E+08  4.576E+08  2.621E+08  1.021E+08
  300.5000  8.410E+12  8.321E+12  8.056E+12  7.622E+12  7.033E+12  6.306E+12  5.468E+12  4.549E+12  3.597E+12  2.672E+12  1.817E+12  1.098E+12  5.607E+11  2.256E+11  6.744E+10  1.872E+10  8.406E+09  4.330E+09  1.552E+09
  303.0000  2.656E+13  2.636E+13  2.575E+13  2.474E+13  2.335E+13  2.157E+13  1.945E+13  1.707E+13  1.436E+13  1.157E+13  8.739E+12  6.046E+12  3.689E+12  1.864E+12  7.070E+11  1.856E+11  5.031E+10  2.194E+10  7.236E+09
  304.0000  3.011E+13  2.990E+13  2.927E+13  2.823E+13  2.678E+13  2.493E+13  2.269E+13  2.006E+13  1.721E+13  1.414E+13  1.095E+13  7.829E+12  4.987E+12  2.670E+12  1.091E+12  3.018E+11  7.228E+10  2.869E+10  9.177E+09
  305.0000  4.324E+13  4.298E+13  4.219E+13  4.088E+13  3.904E+13  3.667E+13  3.378E+13  3.047E+13  2.653E+13  2.234E+13  1.786E+13  1.331E+13  8.958E+12  5.169E+12  2.334E+12  7.152E+11  1.542E+11  5.093E+10  1.545E+10
  306.0000  4.193E+13  4.170E+13  4.101E+13  3.985E+13  3.822E+13  3.612E+13  3.353E+13  3.046E+13  2.692E+13  2.303E+13  1.879E+13  1.438E+13  1.003E+13  6.077E+12  2.935E+12  9.750E+11  2.061E+11  5.817E+10  1.686E+10
  307.0000  5.586E+13  5.558E+13  5.476E+13  5.339E+13  5.144E+13  4.891E+13  4.578E+13  4.198E+13  3.763E+13  3.274E+13  2.730E+13  2.149E+13  1.557E+13  9.934E+12  5.162E+12  1.889E+12  4.117E+11  9.563E+10  2.593E+10
  308.0000  6.757E+13  6.727E+13  6.639E+13  6.491E+13  6.281E+13  6.006E+13  5.663E+13  5.243E+13  4.757E+13  4.202E+13  3.573E+13  2.886E+13  2.164E+13  1.449E+13  8.059E+12  3.247E+12  7.623E+11  1.484E+11  3.686E+10
  309.0000  7.125E+13  7.096E+13  7.010E+13  6.865E+13  6.658E+13  6.388E+13  6.048E+13  5.624E+13  5.142E+13  4.581E+13  3.939E+13  3.228E+13  2.468E+13  1.697E+13  9.814E+12  4.178E+12  1.040E+12  1.851E+11  4.306E+10
  310.0000  7.251E+13  7.226E+13  7.151E+13  7.024E+13  6.842E+13  6.601E+13  6.298E+13  5.916E+13  5.474E+13  4.953E+13  4.345E+13  3.656E+13  2.897E+13  2.092E+13  1.300E+13  6.164E+12  1.755E+12  2.807E+11  5.543E+10
  311.0000  1.234E+14  1.230E+14  1.218E+14  1.198E+14  1.169E+14  1.131E+14  1.082E+14  1.021E+14  9.491E+13  8.645E+13  7.647E+13  6.506E+13  5.230E+13  3.856E+13  2.467E+13  1.224E+13  3.713E+12  5.825E+11  1.058E+11
  312.0000  1.122E+14  1.119E+14  1.109E+14  1.093E+14  1.069E+14  1.037E+14  9.973E+13  9.458E+13  8.862E+13  8.145E+13  7.291E+13  6.298E+13  5.169E+13  3.922E+13  2.617E+13  1.384E+13  4.628E+12  7.346E+11  1.161E+11
  313.0000  1.278E+14  1.274E+14  1.265E+14  1.248E+14  1.224E+14  1.192E+14  1.150E+14  1.098E+14  1.035E+14  9.598E+13  8.689E+13  7.619E+13  6.379E+13  4.977E+13  3.458E+13  1.950E+13  7.203E+12  1.210E+12  1.653E+11
  314.0000  1.402E+14  1.398E+14  1.388E+14  1.371E+14  1.346E+14  1.312E+14  1.269E+14  1.213E+14  1.148E+14  1.068E+14  9.712E+13  8.567E+13  7.230E+13  5.704E+13  4.028E+13  2.330E+13  8.958E+12  1.551E+12  1.992E+11
  316.0000  1.473E+14  1.470E+14  1.461E+14  1.447E+14  1.425E+14  1.396E+14  1.359E+14  1.310E+14  1.251E+14  1.179E+14  1.090E+14  9.819E+13  8.527E+13  7.000E+13  5.241E+13  3.321E+13  1.490E+13  3.079E+12  3.253E+11
  320.0000  1.928E+14  1.925E+14  1.917E+14  1.903E+14  1.882E+14  1.853E+14  1.816E+14  1.766E+14  1.705E+14  1.628E+14  1.532E+14  1.413E+14  1.265E+14  1.084E+14  8.643E+13  6.049E+13  3.219E+13  8.684E+12  8.281E+11
  325.0000  2.490E+14  2.488E+14  2.480E+14  2.467E+14  2.448E+14  2.420E+14  2.384E+14  2.335E+14  2.274E+14  2.196E+14  2.095E+14  1.967E+14  1.805E+14  1.600E+14  1.340E+14  1.014E+14  6.191E+13  2.150E+13  2.263E+12
  330.0000  3.077E+14  3.075E+14  3.068E+14  3.055E+14  3.035E+14  3.008E+14  2.971E+14  2.920E+14  2.856E+14  2.773E+14  2.665E+14  2.525E+14  2.346E+14  2.114E+14  1.814E+14  1.426E+14  9.315E+13  3.681E+13  4.296E+12
  335.0000  2.903E+14  2.901E+14  2.895E+14  2.885E+14  2.870E+14  2.849E+14  2.819E+14  2.778E+14  2.725E+14  2.656E+14  2.565E+14  2.446E+14  2.291E+14  2.088E+14  1.822E+14  1.470E+14  1.004E+14  4.334E+13  5.468E+12
  340.0000  3.113E+14  3.112E+14  3.106E+14  3.097E+14  3.083E+14  3.062E+14  3.034E+14  2.994E+14  2.943E+14  2.875E+14  2.784E+14  2.665E+14  2.509E+14  2.303E+14  2.029E+14  1.661E+14  1.164E+14  5.274E+13  6.785E+12
  345.0000  3.027E+14  3.025E+14  3.021E+14  3.013E+14  3.001E+14  2.983E+14  2.958E+14  2.922E+14  2.876E+14  2.815E+14  2.732E+14  2.622E+14  2.478E+14  2.285E+14  2.028E+14  1.678E+14  1.197E+14  5.616E+13  7.200E+12
  350.0000  3.120E+14  3.118E+14  3.114E+14  3.107E+14  3.095E+14  3.078E+14  3.054E+14  3.020E+14  2.975E+14  2.915E+14  2.834E+14  2.725E+14  2.582E+14  2.389E+14  2.130E+14  1.775E+14  1.281E+14  6.134E+13  7.644E+12
  355.0000  3.257E+14  3.256E+14  3.252E+14  3.245E+14  3.234E+14  3.218E+14  3.194E+14  3.161E+14  3.117E+14  3.058E+14  2.978E+14  2.870E+14  2.726E+14  2.532E+14  2.269E+14  1.906E+14  1.393E+14  6.839E+13  8.387E+12
  360.0000  2.943E+14  2.942E+14  2.939E+14  2.933E+14  2.924E+14  2.910E+14  2.891E+14  2.863E+14  2.825E+14  2.775E+14  2.706E+14  2.613E+14  2.488E+14  2.318E+14  2.087E+14  1.765E+14  1.305E+14  6.547E+13  7.890E+12
  365.0000  3.701E+14  3.700E+14  3.696E+14  3.690E+14  3.680E+14  3.664E+14  3.642E+14  3.609E+14  3.564E+14  3.504E+14  3.421E+14  3.309E+14  3.158E+14  2.952E+14  2.668E+14  2.270E+14  1.697E+14  8.694E+13  1.032E+13
  370.0000  3.810E+14  3.809E+14  3.806E+14  3.800E+14  3.790E+14  3.775E+14  3.754E+14  3.722E+14  3.679E+14  3.620E+14  3.539E+14  3.428E+14  3.278E+14  3.073E+14  2.789E+14  2.387E+14  1.802E+14  9.417E+13  1.105E+13
  375.0000  3.411E+14  3.410E+14  3.407E+14  3.402E+14  3.394E+14  3.382E+14  3.364E+14  3.338E+14  3.301E+14  3.252E+14  3.182E+14  3.087E+14  2.958E+14  2.780E+14  2.532E+14  2.179E+14  1.661E+14  8.847E+13  1.029E+13
  380.0000  3.889E+14  3.888E+14  3.886E+14  3.881E+14  3.873E+14  3.860E+14  3.841E+14  3.812E+14  3.773E+14  3.720E+14  3.644E+14  3.540E+14  3.397E+14  3.201E+14  2.926E+14  2.531E+14  1.946E+14  1.056E+14  1.224E+13
  385.0000  2.911E+14  2.910E+14  2.909E+14  2.905E+14  2.900E+14  2.891E+14  2.878E+14  2.858E+14  2.830E+14  2.792E+14  2.738E+14  2.663E+14  2.560E+14  2.418E+14  2.217E+14  1.928E+14  1.495E+14  8.261E+13  9.579E+12
  390.0000  3.777E+14  3.776E+14  3.774E+14  3.770E+14  3.764E+14  3.753E+14  3.737E+14  3.713E+14  3.679E+14  3.632E+14  3.565E+14  3.472E+14  3.343E+14  3.164E+14  2.910E+14  2.543E+14  1.988E+14  1.118E+14  1.302E+13
  395.0000  2.913E+14  2.913E+14  2.911E+14  2.909E+14  2.904E+14  2.897E+14  2.885E+14  2.868E+14  2.843E+14  2.808E+14  2.759E+14  2.690E+14  2.594E+14  2.460E+14  2.270E+14  1.992E+14  1.570E+14  8.973E+13  1.055E+13
  400.0000  5.381E+14  5.381E+14  5.378E+14  5.374E+14  5.366E+14  5.354E+14  5.334E+14  5.303E+14  5.260E+14  5.199E+14  5.112E+14  4.989E+14  4.819E+14  4.578E+14  4.236E+14  3.734E+14  2.964E+14  1.722E+14  2.053E+13
  405.0000  5.463E+14  5.463E+14  5.460E+14  5.456E+14  5.449E+14  5.437E+14  5.419E+14  5.390E+14  5.348E+14  5.289E+14  5.204E+14  5.085E+14  4.917E+14  4.681E+14  4.342E+14  3.844E+14  3.073E+14  1.813E+14  2.198E+13
  410.0000  5.613E+14  5.612E+14  5.610E+14  5.607E+14  5.600E+14  5.589E+14  5.571E+14  5.542E+14  5.502E+14  5.444E+14  5.361E+14  5.242E+14  5.076E+14  4.841E+14  4.502E+14  4.000E+14  3.220E+14  1.928E+14  2.385E+13
  415.0000  5.830E+14  5.829E+14  5.828E+14  5.824E+14  5.818E+14  5.807E+14  5.790E+14  5.762E+14  5.722E+14  5.665E+14  5.582E+14  5.463E+14  5.296E+14  5.059E+14  4.717E+14  4.207E+14  3.408E+14  2.070E+14  2.622E+13
  420.0000  5.869E+14  5.868E+14  5.867E+14  5.864E+14  5.858E+14  5.848E+14  5.832E+14  5.805E+14  5.767E+14  5.712E+14  5.632E+14  5.517E+14  5.354E+14  5.123E+14  4.787E+14  4.284E+14  3.492E+14  2.150E+14  2.795E+13
  425.0000  5.591E+14  5.590E+14  5.589E+14  5.587E+14  5.582E+14  5.573E+14  5.558E+14  5.534E+14  5.500E+14  5.450E+14  5.376E+14  5.270E+14  5.120E+14  4.905E+14  4.593E+14  4.125E+14  3.381E+14  2.108E+14  2.816E+13
  430.0000  5.150E+14  5.149E+14  5.148E+14  5.146E+14  5.142E+14  5.134E+14  5.122E+14  5.101E+14  5.071E+14  5.026E+14  4.961E+14  4.867E+14  4.733E+14  4.542E+14  4.261E+14  3.839E+14  3.165E+14  1.999E+14  2.752E+13
  435.0000  5.971E+14  5.971E+14  5.970E+14  5.967E+14  5.963E+14  5.955E+14  5.941E+14  5.918E+14  5.884E+14  5.835E+14  5.762E+14  5.657E+14  5.507E+14  5.291E+14  4.974E+14  4.494E+14  3.724E+14  2.380E+14  3.380E+13
  440.0000  6.137E+14  6.137E+14  6.136E+14  6.134E+14  6.129E+14  6.122E+14  6.108E+14  6.086E+14  6.053E+14  6.004E+14  5.932E+14  5.827E+14  5.677E+14  5.460E+14  5.142E+14  4.658E+14  3.879E+14  2.505E+14  3.666E+13
  445.0000  6.589E+14  6.589E+14  6.588E+14  6.586E+14  6.582E+14  6.574E+14  6.560E+14  6.537E+14  6.503E+14  6.453E+14  6.378E+14  6.269E+14  6.112E+14  5.886E+14  5.552E+14  5.043E+14  4.219E+14  2.753E+14  4.162E+13
  450.0000  7.008E+14  7.008E+14  7.007E+14  7.005E+14  7.001E+14  6.993E+14  6.980E+14  6.956E+14  6.921E+14  6.870E+14  6.793E+14  6.681E+14  6.519E+14  6.284E+14  5.938E+14  5.408E+14  4.545E+14  2.997E+14  4.685E+13
  455.0000  6.861E+14  6.861E+14  6.861E+14  6.859E+14  6.855E+14  6.848E+14  6.835E+14  6.813E+14  6.780E+14  6.732E+14  6.658E+14  6.552E+14  6.398E+14  6.174E+14  5.842E+14  5.334E+14  4.501E+14  2.997E+14  4.841E+13
  460.0000  7.062E+14  7.062E+14  7.062E+14  7.060E+14  7.056E+14  7.049E+14  7.036E+14  7.013E+14  6.980E+14  6.932E+14  6.858E+14  6.750E+14  6.595E+14  6.368E+14  6.032E+14  5.515E+14  4.667E+14  3.126E+14  5.175E+13
  465.0000  6.991E+14  6.991E+14  6.990E+14  6.988E+14  6.985E+14  6.978E+14  6.966E+14  6.945E+14  6.913E+14  6.866E+14  6.796E+14  6.693E+14  6.543E+14  6.324E+14  6.000E+14  5.498E+14  4.672E+14  3.159E+14  5.416E+13
  470.0000  6.962E+14  6.962E+14  6.961E+14  6.960E+14  6.956E+14  6.950E+14  6.938E+14  6.918E+14  6.887E+14  6.842E+14  6.774E+14  6.674E+14  6.528E+14  6.315E+14  5.999E+14  5.509E+14  4.698E+14  3.203E+14  5.670E+13
  475.0000  7.054E+14  7.054E+14  7.053E+14  7.052E+14  7.048E+14  7.042E+14  7.030E+14  7.010E+14  6.980E+14  6.936E+14  6.868E+14  6.769E+14  6.625E+14  6.413E+14  6.099E+14  5.610E+14  4.799E+14  3.295E+14  6.008E+13
  480.0000  7.262E+14  7.262E+14  7.261E+14  7.259E+14  7.255E+14  7.248E+14  7.236E+14  7.215E+14  7.184E+14  7.138E+14  7.069E+14  6.967E+14  6.819E+14  6.603E+14  6.280E+14  5.779E+14  4.946E+14  3.399E+14  6.284E+13
  485.0000  6.610E+14  6.609E+14  6.609E+14  6.607E+14  6.604E+14  6.597E+14  6.586E+14  6.568E+14  6.540E+14  6.499E+14  6.437E+14  6.346E+14  6.214E+14  6.021E+14  5.733E+14  5.283E+14  4.534E+14  3.136E+14  5.965E+13
  490.0000  6.901E+14  6.901E+14  6.900E+14  6.899E+14  6.895E+14  6.889E+14  6.878E+14  6.859E+14  6.831E+14  6.789E+14  6.726E+14  6.634E+14  6.500E+14  6.303E+14  6.008E+14  5.547E+14  4.777E+14  3.331E+14  6.550E+13
  495.0000  7.046E+14  7.046E+14  7.045E+14  7.044E+14  7.040E+14  7.034E+14  7.022E+14  7.003E+14  6.975E+14  6.933E+14  6.870E+14  6.777E+14  6.642E+14  6.444E+14  6.147E+14  5.683E+14  4.905E+14  3.437E+14  6.933E+13
  500.0000  6.731E+14  6.731E+14  6.730E+14  6.728E+14  6.724E+14  6.718E+14  6.706E+14  6.688E+14  6.660E+14  6.620E+14  6.559E+14  6.470E+14  6.341E+14  6.151E+14  5.867E+14  5.424E+14  4.680E+14  3.277E+14  6.671E+13
  505.0000  6.847E+14  6.847E+14  6.846E+14  6.844E+14  6.839E+14  6.832E+14  6.820E+14  6.800E+14  6.770E+14  6.728E+14  6.665E+14  6.573E+14  6.440E+14  6.245E+14  5.954E+14  5.500E+14  4.738E+14  3.304E+14  6.727E+13
  510.0000  6.814E+14  6.813E+14  6.812E+14  6.809E+14  6.805E+14  6.798E+14  6.786E+14  6.766E+14  6.738E+14  6.697E+14  6.636E+14  6.546E+14  6.417E+14  6.227E+14  5.943E+14  5.499E+14  4.752E+14  3.338E+14  7.014E+13
  515.0000  6.337E+14  6.336E+14  6.335E+14  6.333E+14  6.328E+14  6.322E+14  6.311E+14  6.293E+14  6.267E+14  6.229E+14  6.172E+14  6.090E+14  5.971E+14  5.797E+14  5.537E+14  5.128E+14  4.440E+14  3.133E+14  6.741E+13
  520.0000  6.533E+14  6.532E+14  6.531E+14  6.528E+14  6.524E+14  6.516E+14  6.505E+14  6.486E+14  6.459E+14  6.420E+14  6.361E+14  6.277E+14  6.155E+14  5.976E+14  5.709E+14  5.290E+14  4.582E+14  3.238E+14  7.072E+13
  525.0000  6.568E+14  6.568E+14  6.566E+14  6.563E+14  6.558E+14  6.550E+14  6.537E+14  6.518E+14  6.489E+14  6.449E+14  6.389E+14  6.303E+14  6.179E+14  5.997E+14  5.726E+14  5.301E+14  4.585E+14  3.227E+14  7.054E+13
  530.0000  6.930E+14  6.929E+14  6.927E+14  6.924E+14  6.917E+14  6.908E+14  6.893E+14  6.871E+14  6.840E+14  6.795E+14  6.730E+14  6.636E+14  6.502E+14  6.307E+14  6.015E+14  5.560E+14  4.793E+14  3.348E+14  7.248E+13
  535.0000  6.736E+14  6.735E+14  6.734E+14  6.730E+14  6.723E+14  6.714E+14  6.699E+14  6.677E+14  6.646E+14  6.602E+14  6.538E+14  6.447E+14  6.316E+14  6.126E+14  5.843E+14  5.400E+14  4.655E+14  3.251E+14  7.106E+13
  540.0000  6.768E+14  6.768E+14  6.765E+14  6.762E+14  6.755E+14  6.745E+14  6.730E+14  6.708E+14  6.677E+14  6.633E+14  6.569E+14  6.478E+14  6.348E+14  6.159E+14  5.877E+14  5.436E+14  4.693E+14  3.289E+14  7.334E+13
  545.0000  6.889E+14  6.888E+14  6.886E+14  6.881E+14  6.875E+14  6.864E+14  6.848E+14  6.825E+14  6.792E+14  6.747E+14  6.681E+14  6.588E+14  6.454E+14  6.261E+14  5.973E+14  5.523E+14  4.765E+14  3.333E+14  7.476E+13
  550.0000  6.934E+14  6.933E+14  6.931E+14  6.926E+14  6.918E+14  6.908E+14  6.891E+14  6.867E+14  6.834E+14  6.788E+14  6.721E+14  6.627E+14  6.492E+14  6.298E+14  6.008E+14  5.555E+14  4.793E+14  3.352E+14  7.593E+13
  555.0000  6.898E+14  6.897E+14  6.894E+14  6.889E+14  6.881E+14  6.870E+14  6.853E+14  6.829E+14  6.795E+14  6.749E+14  6.682E+14  6.588E+14  6.455E+14  6.261E+14  5.974E+14  5.525E+14  4.767E+14  3.337E+14  7.668E+13
  560.0000  6.742E+14  6.741E+14  6.738E+14  6.732E+14  6.724E+14  6.712E+14  6.695E+14  6.670E+14  6.636E+14  6.589E+14  6.522E+14  6.428E+14  6.294E+14  6.102E+14  5.816E+14  5.371E+14  4.623E+14  3.215E+14  7.330E+13
  565.0000  6.770E+14  6.769E+14  6.765E+14  6.760E+14  6.751E+14  6.738E+14  6.719E+14  6.693E+14  6.657E+14  6.608E+14  6.539E+14  6.442E+14  6.305E+14  6.107E+14  5.816E+14  5.362E+14  4.600E+14  3.176E+14  7.162E+13
  570.0000  6.754E+14  6.753E+14  6.750E+14  6.743E+14  6.734E+14  6.720E+14  6.701E+14  6.674E+14  6.637E+14  6.587E+14  6.517E+14  6.418E+14  6.280E+14  6.082E+14  5.788E+14  5.332E+14  4.567E+14  3.142E+14  7.080E+13
  575.0000  6.898E+14  6.896E+14  6.893E+14  6.886E+14  6.876E+14  6.862E+14  6.842E+14  6.813E+14  6.776E+14  6.724E+14  6.652E+14  6.551E+14  6.410E+14  6.207E+14  5.907E+14  5.442E+14  4.662E+14  3.208E+14  7.297E+13
  580.0000  6.824E+14  6.823E+14  6.819E+14  6.813E+14  6.803E+14  6.789E+14  6.770E+14  6.742E+14  6.705E+14  6.656E+14  6.586E+14  6.488E+14  6.351E+14  6.155E+14  5.865E+14  5.414E+14  4.655E+14  3.230E+14  7.589E+13
  585.0000  6.867E+14  6.866E+14  6.863E+14  6.856E+14  6.847E+14  6.833E+14  6.814E+14  6.787E+14  6.751E+14  6.702E+14  6.633E+14  6.538E+14  6.403E+14  6.210E+14  5.925E+14  5.480E+14  4.729E+14  3.312E+14  8.042E+13
  590.0000  6.660E+14  6.659E+14  6.655E+14  6.649E+14  6.640E+14  6.626E+14  6.608E+14  6.581E+14  6.546E+14  6.499E+14  6.433E+14  6.341E+14  6.212E+14  6.027E+14  5.753E+14  5.325E+14  4.604E+14  3.237E+14  8.007E+13
  595.0000  6.818E+14  6.817E+14  6.813E+14  6.806E+14  6.796E+14  6.782E+14  6.762E+14  6.734E+14  6.697E+14  6.647E+14  6.578E+14  6.483E+14  6.348E+14  6.156E+14  5.873E+14  5.431E+14  4.686E+14  3.281E+14  8.084E+13
  600.0000  6.676E+14  6.675E+14  6.671E+14  6.663E+14  6.653E+14  6.638E+14  6.618E+14  6.588E+14  6.551E+14  6.501E+14  6.431E+14  6.335E+14  6.201E+14  6.009E+14  5.726E+14  5.287E+14  4.549E+14  3.162E+14  7.703E+13
  605.0000  6.787E+14  6.786E+14  6.781E+14  6.774E+14  6.763E+14  6.748E+14  6.727E+14  6.697E+14  6.660E+14  6.608E+14  6.538E+14  6.440E+14  6.305E+14  6.111E+14  5.825E+14  5.382E+14  4.635E+14  3.231E+14  7.989E+13
  610.0000  6.746E+14  6.745E+14  6.741E+14  6.734E+14  6.723E+14  6.709E+14  6.689E+14  6.660E+14  6.624E+14  6.575E+14  6.508E+14  6.414E+14  6.284E+14  6.098E+14  5.824E+14  5.397E+14  4.674E+14  3.302E+14  8.530E+13
  615.0000  6.632E+14  6.630E+14  6.627E+14  6.620E+14  6.610E+14  6.597E+14  6.578E+14  6.551E+14  6.517E+14  6.472E+14  6.408E+14  6.320E+14  6.198E+14  6.022E+14  5.763E+14  5.358E+14  4.669E+14  3.348E+14  9.066E+13
  620.0000  6.772E+14  6.771E+14  6.767E+14  6.761E+14  6.751E+14  6.737E+14  6.719E+14  6.693E+14  6.660E+14  6.615E+14  6.552E+14  6.466E+14  6.345E+14  6.172E+14  5.916E+14  5.515E+14  4.831E+14  3.506E+14  9.882E+13
  625.0000  6.668E+14  6.667E+14  6.664E+14  6.657E+14  6.648E+14  6.635E+14  6.618E+14  6.593E+14  6.561E+14  6.518E+14  6.458E+14  6.376E+14  6.260E+14  6.095E+14  5.849E+14  5.465E+14  4.807E+14  3.523E+14  1.027E+14
  630.0000  6.720E+14  6.719E+14  6.715E+14  6.709E+14  6.700E+14  6.688E+14  6.670E+14  6.646E+14  6.615E+14  6.573E+14  6.515E+14  6.435E+14  6.322E+14  6.161E+14  5.921E+14  5.544E+14  4.899E+14  3.628E+14  1.095E+14
  635.0000  6.717E+14  6.716E+14  6.712E+14  6.706E+14  6.698E+14  6.685E+14  6.669E+14  6.646E+14  6.616E+14  6.575E+14  6.519E+14  6.442E+14  6.333E+14  6.178E+14  5.946E+14  5.582E+14  4.955E+14  3.711E+14  1.162E+14
  640.0000  6.683E+14  6.682E+14  6.679E+14  6.673E+14  6.664E+14  6.653E+14  6.637E+14  6.615E+14  6.586E+14  6.548E+14  6.494E+14  6.420E+14  6.316E+14  6.167E+14  5.945E+14  5.594E+14  4.990E+14  3.779E+14  1.227E+14
  644.8000  6.686E+14  6.684E+14  6.681E+14  6.676E+14  6.668E+14  6.656E+14  6.641E+14  6.620E+14  6.592E+14  6.555E+14  6.503E+14  6.432E+14  6.331E+14  6.187E+14  5.972E+14  5.632E+14  5.044E+14  3.858E+14  1.294E+14
  651.0500  6.653E+14  6.652E+14  6.649E+14  6.644E+14  6.636E+14  6.625E+14  6.610E+14  6.589E+14  6.563E+14  6.527E+14  6.478E+14  6.409E+14  6.313E+14  6.174E+14  5.968E+14  5.642E+14  5.074E+14  3.922E+14  1.364E+14
  660.0000  6.384E+14  6.383E+14  6.380E+14  6.375E+14  6.368E+14  6.358E+14  6.344E+14  6.325E+14  6.301E+14  6.269E+14  6.224E+14  6.161E+14  6.074E+14  5.948E+14  5.761E+14  5.464E+14  4.945E+14  3.879E+14  1.418E+14
  670.0000  6.635E+14  6.634E+14  6.631E+14  6.626E+14  6.619E+14  6.609E+14  6.596E+14  6.577E+14  6.553E+14  6.522E+14  6.478E+14  6.417E+14  6.332E+14  6.210E+14  6.027E+14  5.736E+14  5.227E+14  4.168E+14  1.609E+14
  680.0000  6.595E+14  6.594E+14  6.591E+14  6.586E+14  6.579E+14  6.570E+14  6.557E+14  6.540E+14  6.517E+14  6.487E+14  6.446E+14  6.389E+14  6.309E+14  6.194E+14  6.023E+14  5.750E+14  5.270E+14  4.260E+14  1.724E+14
  690.0000  6.578E+14  6.577E+14  6.574E+14  6.570E+14  6.563E+14  6.554E+14  6.541E+14  6.524E+14  6.503E+14  6.474E+14  6.435E+14  6.381E+14  6.305E+14  6.196E+14  6.033E+14  5.773E+14  5.317E+14  4.348E+14  1.831E+14
  700.0000  6.542E+14  6.541E+14  6.538E+14  6.534E+14  6.527E+14  6.518E+14  6.506E+14  6.490E+14  6.469E+14  6.442E+14  6.404E+14  6.353E+14  6.281E+14  6.179E+14  6.025E+14  5.780E+14  5.348E+14  4.423E+14  1.938E+14
  710.0000  6.462E+14  6.461E+14  6.459E+14  6.454E+14  6.447E+14  6.438E+14  6.427E+14  6.411E+14  6.391E+14  6.364E+14  6.328E+14  6.279E+14  6.211E+14  6.113E+14  5.967E+14  5.734E+14  5.323E+14  4.438E+14  2.003E+14
  720.0000  6.321E+14  6.320E+14  6.317E+14  6.313E+14  6.306E+14  6.297E+14  6.286E+14  6.271E+14  6.251E+14  6.226E+14  6.191E+14  6.144E+14  6.079E+14  5.987E+14  5.848E+14  5.629E+14  5.240E+14  4.398E+14  2.038E+14
  730.0000  6.245E+14  6.244E+14  6.242E+14  6.237E+14  6.231E+14  6.222E+14  6.211E+14  6.196E+14  6.177E+14  6.152E+14  6.119E+14  6.074E+14  6.012E+14  5.924E+14  5.792E+14  5.584E+14  5.214E+14  4.410E+14  2.101E+14
------------------------------------------------------------
Photolysis rate coefficients, s-1
   1 = O3 -> O2 + O(1D)                                  
   2 = NO2 -> NO + O(3P)                                 
   3 = HNO2 -> OH + NO                                   
   4 = HNO3 -> OH + NO2                                  
   5 = Cl2 -> Cl + Cl                                    
   6 = ClOO -> Products                                  
   7 = OClO -> Products                                  
   8 = ClOOCl -> Cl + ClOO                               
   9 = ClNO2 -> Cl + NO2                                 
  10 = Br2 -> Br + Br                                    
  11 = BrO -> Br + O                                     
  12 = HOBr -> OH + Br                                   
  13 = BrNO -> Br + NO                                   
  14 = BrONO -> Br + NO2                                 
  15 = BrONO -> BrO + NO                                 
  16 = BrNO2 -> Br + NO2                                 
  17 = BrONO2 -> BrO + NO2                               
  18 = BrONO2 -> Br + NO3                                
  19 = BrCl -> Br + Cl                                   
values at z =     11.000 km
Columns: sza, photo-reactions
 sza, deg.          1          2          3          4          5          6          7          8          9         10         11         12         13         14         15         16         17         18         19
    0.0000  6.664E-05  1.402E-02  2.529E-03  9.875E-07  4.068E-03  0.000E+00  1.330E-01  3.114E-03  8.957E-04  4.316E-02  6.809E-02  3.536E-03  3.159E-02  2.146E-02  2.146E-02  7.247E-03  3.423E-04  1.940E-03  1.560E-02
    5.0000  6.622E-05  1.402E-02  2.528E-03  9.836E-07  4.066E-03  0.000E+00  1.330E-01  3.110E-03  8.946E-04  4.316E-02  6.803E-02  3.534E-03  3.159E-02  2.143E-02  2.143E-02  7.244E-03  3.420E-04  1.938E-03  1.560E-02
   10.0000  6.496E-05  1.400E-02  2.524E-03  9.719E-07  4.057E-03  0.000E+00  1.328E-01  3.099E-03  8.914E-04  4.315E-02  6.785E-02  3.528E-03  3.157E-02  2.136E-02  2.136E-02  7.237E-03  3.414E-04  1.934E-03  1.559E-02
   15.0000  6.287E-05  1.397E-02  2.518E-03  9.523E-07  4.041E-03  0.000E+00  1.325E-01  3.080E-03  8.858E-04  4.313E-02  6.755E-02  3.519E-03  3.153E-02  2.125E-02  2.125E-02  7.223E-03  3.401E-04  1.927E-03  1.557E-02
   20.0000  5.999E-05  1.392E-02  2.509E-03  9.248E-07  4.018E-03  0.000E+00  1.320E-01  3.052E-03  8.777E-04  4.309E-02  6.709E-02  3.504E-03  3.148E-02  2.107E-02  2.107E-02  7.201E-03  3.383E-04  1.917E-03  1.554E-02
   25.0000  5.634E-05  1.385E-02  2.495E-03  8.895E-07  3.985E-03  0.000E+00  1.313E-01  3.014E-03  8.666E-04  4.302E-02  6.645E-02  3.482E-03  3.139E-02  2.083E-02  2.083E-02  7.170E-03  3.358E-04  1.903E-03  1.550E-02
   30.0000  5.200E-05  1.376E-02  2.475E-03  8.461E-07  3.940E-03  0.000E+00  1.303E-01  2.964E-03  8.520E-04  4.291E-02  6.559E-02  3.453E-03  3.127E-02  2.051E-02  2.051E-02  7.126E-03  3.324E-04  1.884E-03  1.543E-02
   35.0000  4.700E-05  1.362E-02  2.448E-03  7.942E-07  3.880E-03  0.000E+00  1.289E-01  2.899E-03  8.330E-04  4.274E-02  6.443E-02  3.413E-03  3.110E-02  2.009E-02  2.009E-02  7.062E-03  3.278E-04  1.857E-03  1.533E-02
   40.0000  4.148E-05  1.344E-02  2.411E-03  7.351E-07  3.803E-03  0.000E+00  1.271E-01  2.820E-03  8.096E-04  4.249E-02  6.297E-02  3.361E-03  3.086E-02  1.956E-02  1.956E-02  6.977E-03  3.219E-04  1.824E-03  1.520E-02
   45.0000  3.563E-05  1.319E-02  2.363E-03  6.688E-07  3.704E-03  0.000E+00  1.247E-01  2.722E-03  7.807E-04  4.213E-02  6.111E-02  3.293E-03  3.054E-02  1.891E-02  1.891E-02  6.864E-03  3.145E-04  1.782E-03  1.501E-02
   50.0000  2.949E-05  1.286E-02  2.298E-03  5.946E-07  3.576E-03  0.000E+00  1.215E-01  2.599E-03  7.445E-04  4.161E-02  5.870E-02  3.204E-03  3.009E-02  1.807E-02  1.807E-02  6.711E-03  3.048E-04  1.727E-03  1.474E-02
   55.0000  2.330E-05  1.242E-02  2.212E-03  5.136E-07  3.411E-03  0.000E+00  1.172E-01  2.448E-03  6.998E-04  4.085E-02  5.564E-02  3.088E-03  2.947E-02  1.703E-02  1.703E-02  6.504E-03  2.923E-04  1.657E-03  1.438E-02
   60.0000  1.732E-05  1.183E-02  2.098E-03  4.270E-07  3.199E-03  0.000E+00  1.115E-01  2.262E-03  6.446E-04  3.979E-02  5.173E-02  2.937E-03  2.862E-02  1.573E-02  1.573E-02  6.228E-03  2.764E-04  1.566E-03  1.387E-02
   65.0000  1.186E-05  1.104E-02  1.946E-03  3.365E-07  2.925E-03  0.000E+00  1.039E-01  2.033E-03  5.766E-04  3.826E-02  4.676E-02  2.737E-03  2.743E-02  1.410E-02  1.410E-02  5.854E-03  2.558E-04  1.449E-03  1.317E-02
   70.0000  7.232E-06  9.970E-03  1.741E-03  2.449E-07  2.571E-03  0.000E+00  9.360E-02  1.749E-03  4.926E-04  3.602E-02  4.039E-02  2.472E-03  2.575E-02  1.206E-02  1.206E-02  5.343E-03  2.289E-04  1.297E-03  1.217E-02
   75.0000  3.751E-06  8.485E-03  1.460E-03  1.567E-07  2.107E-03  0.000E+00  7.951E-02  1.396E-03  3.888E-04  3.264E-02  3.223E-02  2.111E-03  2.328E-02  9.508E-03  9.508E-03  4.625E-03  1.931E-04  1.094E-03  1.074E-02
   80.0000  1.548E-06  6.373E-03  1.069E-03  7.913E-08  1.496E-03  0.000E+00  5.965E-02  9.567E-04  2.613E-04  2.722E-02  2.183E-02  1.607E-03  1.941E-02  6.337E-03  6.337E-03  3.581E-03  1.445E-04  8.190E-04  8.566E-03
   85.0000  4.347E-07  3.348E-03  5.319E-04  2.374E-08  7.201E-04  0.000E+00  3.151E-02  4.372E-04  1.150E-04  1.774E-02  9.518E-03  8.899E-04  1.285E-02  2.703E-03  2.703E-03  2.015E-03  7.780E-05  4.409E-04  5.108E-03
   90.0000  6.146E-08  3.983E-04  6.380E-05  2.755E-09  8.926E-05  0.000E+00  3.874E-03  5.267E-05  1.380E-05  2.954E-03  1.158E-03  1.239E-04  2.696E-03  3.299E-04  3.299E-04  2.556E-04  1.029E-05  5.830E-05  7.293E-04
------------------------------------------------------------
