Spectral actinic flux, quanta cm-2 s-1 nm-1
values at z =     15.000 km
Columns: wavelength (nm), solar zenith angles (deg.)
    wc, nm      0.000      5.000     10.000     15.000     20.000     25.000     30.000     35.000     40.000     45.000     50.000     55.000     60.000     65.000     70.000     75.000     80.000     85.000     90.000
  120.7000  0.000E+00  0.000E+00  0.000E+00  0.000E+00  0.000E+00  0.000E+00  0.000E+00  0.000E+00  0.000E+00  0.000E+00  0.000E+00  0.000E+00  0.000E+00  0.000E+00  0.000E+00  0.000E+00  0.000E+00  0.000E+00  0.000E+00
  121.6500  0.000E+00  0.000E+00  0.000E+00  0.000E+00  0.000E+00  0.000E+00  0.000E+00  0.000E+00  0.000E+00  0.000E+00  0.000E+00  0.000E+00  0.000E+00  0.000E+00  0.000E+00  0.000E+00  0.000E+00  0.000E+00  0.000E+00
  122.1000  0.000E+00  0.000E+00  0.000E+00  0.000E+00  0.000E+00  0.000E+00  0.000E+00  0.000E+00  0.000E+00  0.000E+00  0.000E+00  0.000E+00  0.000E+00  0.000E+00  0.000E+00  0.000E+00  0.000E+00  0.000E+00  0.000E+00
  122.7000  0.000E+00  0.000E+00  0.000E+00  0.000E+00  0.000E+00  0.000E+00  0.000E+00  0.000E+00  0.000E+00  0.000E+00  0.000E+00  0.000E+00  0.000E+00  0.000E+00  0.000E+00  0.000E+00  0.000E+00  0.000E+00  0.000E+00
  123.4500  0.000E+00  0.000E+00  0.000E+00  0.000E+00  0.000E+00  0.000E+00  0.000E+00  0.000E+00  0.000E+00  0.000E+00  0.000E+00  0.000E+00  0.000E+00  0.000E+00  0.000E+00  0.000E+00  0.000E+00  0.000E+00  0.000E+00
  124.2000  0.000E+00  0.000E+00  0.000E+00  0.000E+00  0.000E+00  0.000E+00  0.000E+00  0.000E+00  0.000E+00  0.000E+00  0.000E+00  0.000E+00  0.000E+00  0.000E+00  0.000E+00  0.000E+00  0.000E+00  0.000E+00  0.000E+00
  125.0000  0.000E+00  0.000E+00  0.000E+00  0.000E+00  0.000E+00  0.000E+00  0.000E+00  0.000E+00  0.000E+00  0.000E+00  0.000E+00  0.000E+00  0.000E+00  0.000E+00  0.000E+00  0.000E+00  0.000E+00  0.000E+00  0.000E+00
  125.8000  0.000E+00  0.000E+00  0.000E+00  0.000E+00  0.000E+00  0.000E+00  0.000E+00  0.000E+00  0.000E+00  0.000E+00  0.000E+00  0.000E+00  0.000E+00  0.000E+00  0.000E+00  0.000E+00  0.000E+00  0.000E+00  0.000E+00
  126.6000  0.000E+00  0.000E+00  0.000E+00  0.000E+00  0.000E+00  0.000E+00  0.000E+00  0.000E+00  0.000E+00  0.000E+00  0.000E+00  0.000E+00  0.000E+00  0.000E+00  0.000E+00  0.000E+00  0.000E+00  0.000E+00  0.000E+00
  127.8000  0.000E+00  0.000E+00  0.000E+00  0.000E+00  0.000E+00  0.000E+00  0.000E+00  0.000E+00  0.000E+00  0.000E+00  0.000E+00  0.000E+00  0.000E+00  0.000E+00  0.000E+00  0.000E+00  0.000E+00  0.000E+00  0.000E+00
  129.0000  0.000E+00  0.000E+00  0.000E+00  0.000E+00  0.000E+00  0.000E+00  0.000E+00  0.000E+00  0.000E+00  0.000E+00  0.000E+00  0.000E+00  0.000E+00  0.000E+00  0.000E+00  0.000E+00  0.000E+00  0.000E+00  0.000E+00
  129.8500  0.000E+00  0.000E+00  0.000E+00  0.000E+00  0.000E+00  0.000E+00  0.000E+00  0.000E+00  0.000E+00  0.000E+00  0.000E+00  0.000E+00  0.000E+00  0.000E+00  0.000E+00  0.000E+00  0.000E+00  0.000E+00  0.000E+00
  131.1500  0.000E+00  0.000E+00  0.000E+00  0.000E+00  0.000E+00  0.000E+00  0.000E+00  0.000E+00  0.000E+00  0.000E+00  0.000E+00  0.000E+00  0.000E+00  0.000E+00  0.000E+00  0.000E+00  0.000E+00  0.000E+00  0.000E+00
  133.5000  0.000E+00  0.000E+00  0.000E+00  0.000E+00  0.000E+00  0.000E+00  0.000E+00  0.000E+00  0.000E+00  0.000E+00  0.000E+00  0.000E+00  0.000E+00  0.000E+00  0.000E+00  0.000E+00  0.000E+00  0.000E+00  0.000E+00
  136.0000  0.000E+00  0.000E+00  0.000E+00  0.000E+00  0.000E+00  0.000E+00  0.000E+00  0.000E+00  0.000E+00  0.000E+00  0.000E+00  0.000E+00  0.000E+00  0.000E+00  0.000E+00  0.000E+00  0.000E+00  0.000E+00  0.000E+00
  141.0000  0.000E+00  0.000E+00  0.000E+00  0.000E+00  0.000E+00  0.000E+00  0.000E+00  0.000E+00  0.000E+00  0.000E+00  0.000E+00  0.000E+00  0.000E+00  0.000E+00  0.000E+00  0.000E+00  0.000E+00  0.000E+00  0.000E+00
  150.0000  0.000E+00  0.000E+00  0.000E+00  0.000E+00  0.000E+00  0.000E+00  0.000E+00  0.000E+00  0.000E+00  0.000E+00  0.000E+00  0.000E+00  0.000E+00  0.000E+00  0.000E+00  0.000E+00  0.000E+00  0.000E+00  0.000E+00
  160.0000  0.000E+00  0.000E+00  0.000E+00  0.000E+00  0.000E+00  0.000E+00  0.000E+00  0.000E+00  0.000E+00  0.000E+00  0.000E+00  0.000E+00  0.000E+00  0.000E+00  0.000E+00  0.000E+00  0.000E+00  0.000E+00  0.000E+00
  167.5000  0.000E+00  0.000E+00  0.000E+00  0.000E+00  0.000E+00  0.000E+00  0.000E+00  0.000E+00  0.000E+00  0.000E+00  0.000E+00  0.000E+00  0.000E+00  0.000E+00  0.000E+00  0.000E+00  0.000E+00  0.000E+00  0.000E+00
  172.2000  0.000E+00  0.000E+00  0.000E+00  0.000E+00  0.000E+00  0.000E+00  0.000E+00  0.000E+00  0.000E+00  0.000E+00  0.000E+00  0.000E+00  0.000E+00  0.000E+00  0.000E+00  0.000E+00  0.000E+00  0.000E+00  0.000E+00
  175.7000  0.000E+00  0.000E+00  0.000E+00  0.000E+00  0.000E+00  0.000E+00  0.000E+00  0.000E+00  0.000E+00  0.000E+00  0.000E+00  0.000E+00  0.000E+00  0.000E+00  0.000E+00  0.000E+00  0.000E+00  0.000E+00  0.000E+00
  177.8000  0.000E+00  0.000E+00  0.000E+00  0.000E+00  0.000E+00  0.000E+00  0.000E+00  0.000E+00  0.000E+00  0.000E+00  0.000E+00  0.000E+00  0.000E+00  0.000E+00  0.000E+00  0.000E+00  0.000E+00  0.000E+00  0.000E+00
  179.4000  0.000E+00  0.000E+00  0.000E+00  0.000E+00  0.000E+00  0.000E+00  0.000E+00  0.000E+00  0.000E+00  0.000E+00  0.000E+00  0.000E+00  0.000E+00  0.000E+00  0.000E+00  0.000E+00  0.000E+00  0.000E+00  0.000E+00
  181.0000  0.000E+00  0.000E+00  0.000E+00  0.000E+00  0.000E+00  0.000E+00  0.000E+00  0.000E+00  0.000E+00  0.000E+00  0.000E+00  0.000E+00  0.000E+00  0.000E+00  0.000E+00  0.000E+00  0.000E+00  0.000E+00  0.000E+00
  182.6500  0.000E+00  0.000E+00  0.000E+00  0.000E+00  0.000E+00  0.000E+00  0.000E+00  0.000E+00  0.000E+00  0.000E+00  0.000E+00  0.000E+00  0.000E+00  0.000E+00  0.000E+00  0.000E+00  0.000E+00  0.000E+00  0.000E+00
  184.3500  0.000E+00  0.000E+00  0.000E+00  0.000E+00  0.000E+00  0.000E+00  0.000E+00  0.000E+00  0.000E+00  0.000E+00  0.000E+00  0.000E+00  0.000E+00  0.000E+00  0.000E+00  0.000E+00  0.000E+00  0.000E+00  0.000E+00
  186.0500  0.000E+00  0.000E+00  0.000E+00  0.000E+00  0.000E+00  0.000E+00  0.000E+00  0.000E+00  0.000E+00  0.000E+00  0.000E+00  0.000E+00  0.000E+00  0.000E+00  0.000E+00  0.000E+00  0.000E+00  0.000E+00  0.000E+00
  187.8000  0.000E+00  0.000E+00  0.000E+00  0.000E+00  0.000E+00  0.000E+00  0.000E+00  0.000E+00  0.000E+00  0.000E+00  0.000E+00  0.000E+00  0.000E+00  0.000E+00  0.000E+00  0.000E+00  0.000E+00  0.000E+00  0.000E+00
  189.6000  0.000E+00  0.000E+00  0.000E+00  0.000E+00  0.000E+00  0.000E+00  0.000E+00  0.000E+00  0.000E+00  0.000E+00  0.000E+00  0.000E+00  0.000E+00  0.000E+00  0.000E+00  0.000E+00  0.000E+00  0.000E+00  0.000E+00
  191.4000  0.000E+00  0.000E+00  0.000E+00  0.000E+00  0.000E+00  0.000E+00  0.000E+00  0.000E+00  0.000E+00  0.000E+00  0.000E+00  0.000E+00  0.000E+00  0.000E+00  0.000E+00  0.000E+00  0.000E+00  1.439E+02  4.887E+01
  193.2500  2.844E+06  2.739E+06  2.444E+06  2.012E+06  1.518E+06  1.040E+06  6.399E+05  3.483E+05  1.664E+05  7.256E+04  3.118E+04  1.568E+04  9.844E+03  7.463E+03  5.752E+03  4.589E+03  3.511E+03  2.668E+03  2.509E+03
  195.1500  2.759E+07  2.670E+07  2.417E+07  2.041E+07  1.598E+07  1.154E+07  7.566E+06  4.471E+06  2.341E+06  1.120E+06  5.103E+05  2.543E+05  1.540E+05  1.085E+05  8.211E+04  6.422E+04  4.819E+04  3.369E+04  2.113E+04
  197.0500  2.142E+08  2.083E+08  1.911E+08  1.651E+08  1.336E+08  1.006E+08  6.975E+07  4.366E+07  2.497E+07  1.287E+07  6.106E+06  2.935E+06  1.612E+06  1.027E+06  7.014E+05  4.844E+05  3.201E+05  1.862E+05  7.096E+04
  199.0000  4.749E+08  4.624E+08  4.265E+08  3.717E+08  3.045E+08  2.330E+08  1.650E+08  1.050E+08  6.225E+07  3.294E+07  1.586E+07  7.522E+06  3.962E+06  2.419E+06  1.589E+06  1.051E+06  6.617E+05  3.608E+05  1.195E+05
  201.0000  7.122E+08  6.939E+08  6.412E+08  5.605E+08  4.613E+08  3.550E+08  2.532E+08  1.648E+08  9.728E+07  5.190E+07  2.508E+07  1.180E+07  6.108E+06  3.678E+06  2.396E+06  1.569E+06  9.769E+05  5.218E+05  1.616E+05
  203.0500  1.173E+09  1.144E+09  1.058E+09  9.268E+08  7.648E+08  5.907E+08  4.230E+08  2.742E+08  1.638E+08  8.749E+07  4.204E+07  1.943E+07  9.784E+06  5.751E+06  3.679E+06  2.364E+06  1.445E+06  7.595E+05  2.302E+05
  204.9500  1.387E+09  1.352E+09  1.249E+09  1.092E+09  8.985E+08  6.912E+08  4.923E+08  3.177E+08  1.874E+08  9.870E+07  4.654E+07  2.102E+07  1.038E+07  6.044E+06  3.848E+06  2.462E+06  1.502E+06  7.883E+05  2.361E+05
  207.0665  1.219E+09  1.186E+09  1.093E+09  9.509E+08  7.767E+08  5.915E+08  4.157E+08  2.636E+08  1.521E+08  7.785E+07  3.548E+07  1.550E+07  7.511E+06  4.363E+06  2.788E+06  1.797E+06  1.111E+06  5.983E+05  1.915E+05
  209.4295  1.241E+09  1.206E+09  1.104E+09  9.507E+08  7.651E+08  5.710E+08  3.908E+08  2.389E+08  1.324E+08  6.431E+07  2.762E+07  1.149E+07  5.488E+06  3.216E+06  2.075E+06  1.354E+06  8.506E+05  4.691E+05  1.551E+05
  211.6460  9.473E+08  9.177E+08  8.334E+08  7.072E+08  5.572E+08  4.041E+08  2.664E+08  1.555E+08  8.099E+07  3.658E+07  1.454E+07  5.734E+06  2.741E+06  1.641E+06  1.075E+06  7.128E+05  4.570E+05  2.585E+05  8.846E+04
  213.9100  3.393E+08  3.272E+08  2.932E+08  2.432E+08  1.853E+08  1.285E+08  7.985E+07  4.328E+07  2.051E+07  8.301E+06  2.962E+06  1.112E+06  5.501E+05  3.418E+05  2.286E+05  1.545E+05  1.012E+05  5.875E+04  2.074E+04
  216.2225  6.188E+07  5.933E+07  5.221E+07  4.197E+07  3.057E+07  1.993E+07  1.144E+07  5.615E+06  2.339E+06  8.178E+05  2.566E+05  9.437E+04  4.985E+04  3.223E+04  2.204E+04  1.522E+04  1.019E+04  6.058E+03  2.199E+03
  218.5855  0.000E+00  0.000E+00  0.000E+00  0.000E+00  0.000E+00  0.000E+00  0.000E+00  0.000E+00  0.000E+00  0.000E+00  0.000E+00  0.000E+00  0.000E+00  0.000E+00  0.000E+00  0.000E+00  0.000E+00  0.000E+00  0.000E+00
  221.0010  0.000E+00  0.000E+00  0.000E+00  0.000E+00  0.000E+00  0.000E+00  0.000E+00  0.000E+00  0.000E+00  0.000E+00  0.000E+00  0.000E+00  0.000E+00  0.000E+00  0.000E+00  0.000E+00  0.000E+00  0.000E+00  0.000E+00
  223.4705  0.000E+00  0.000E+00  0.000E+00  0.000E+00  0.000E+00  0.000E+00  0.000E+00  0.000E+00  0.000E+00  0.000E+00  0.000E+00  0.000E+00  0.000E+00  0.000E+00  0.000E+00  0.000E+00  0.000E+00  0.000E+00  0.000E+00
  225.9960  0.000E+00  0.000E+00  0.000E+00  0.000E+00  0.000E+00  0.000E+00  0.000E+00  0.000E+00  0.000E+00  0.000E+00  0.000E+00  0.000E+00  0.000E+00  0.000E+00  0.000E+00  0.000E+00  0.000E+00  0.000E+00  0.000E+00
  228.5790  0.000E+00  0.000E+00  0.000E+00  0.000E+00  0.000E+00  0.000E+00  0.000E+00  0.000E+00  0.000E+00  0.000E+00  0.000E+00  0.000E+00  0.000E+00  0.000E+00  0.000E+00  0.000E+00  0.000E+00  0.000E+00  0.000E+00
  231.2215  0.000E+00  0.000E+00  0.000E+00  0.000E+00  0.000E+00  0.000E+00  0.000E+00  0.000E+00  0.000E+00  0.000E+00  0.000E+00  0.000E+00  0.000E+00  0.000E+00  0.000E+00  0.000E+00  0.000E+00  0.000E+00  0.000E+00
  233.9260  0.000E+00  0.000E+00  0.000E+00  0.000E+00  0.000E+00  0.000E+00  0.000E+00  0.000E+00  0.000E+00  0.000E+00  0.000E+00  0.000E+00  0.000E+00  0.000E+00  0.000E+00  0.000E+00  0.000E+00  0.000E+00  0.000E+00
  236.6945  0.000E+00  0.000E+00  0.000E+00  0.000E+00  0.000E+00  0.000E+00  0.000E+00  0.000E+00  0.000E+00  0.000E+00  0.000E+00  0.000E+00  0.000E+00  0.000E+00  0.000E+00  0.000E+00  0.000E+00  0.000E+00  0.000E+00
  239.5295  0.000E+00  0.000E+00  0.000E+00  0.000E+00  0.000E+00  0.000E+00  0.000E+00  0.000E+00  0.000E+00  0.000E+00  0.000E+00  0.000E+00  0.000E+00  0.000E+00  0.000E+00  0.000E+00  0.000E+00  0.000E+00  0.000E+00
  242.4330  0.000E+00  0.000E+00  0.000E+00  0.000E+00  0.000E+00  0.000E+00  0.000E+00  0.000E+00  0.000E+00  0.000E+00  0.000E+00  0.000E+00  0.000E+00  0.000E+00  0.000E+00  0.000E+00  0.000E+00  0.000E+00  0.000E+00
  245.4080  0.000E+00  0.000E+00  0.000E+00  0.000E+00  0.000E+00  0.000E+00  0.000E+00  0.000E+00  0.000E+00  0.000E+00  0.000E+00  0.000E+00  0.000E+00  0.000E+00  0.000E+00  0.000E+00  0.000E+00  0.000E+00  0.000E+00
  248.4570  0.000E+00  0.000E+00  0.000E+00  0.000E+00  0.000E+00  0.000E+00  0.000E+00  0.000E+00  0.000E+00  0.000E+00  0.000E+00  0.000E+00  0.000E+00  0.000E+00  0.000E+00  0.000E+00  0.000E+00  0.000E+00  0.000E+00
  251.5825  0.000E+00  0.000E+00  0.000E+00  0.000E+00  0.000E+00  0.000E+00  0.000E+00  0.000E+00  0.000E+00  0.000E+00  0.000E+00  0.000E+00  0.000E+00  0.000E+00  0.000E+00  0.000E+00  0.000E+00  0.000E+00  0.000E+00
  254.7875  0.000E+00  0.000E+00  0.000E+00  0.000E+00  0.000E+00  0.000E+00  0.000E+00  0.000E+00  0.000E+00  0.000E+00  0.000E+00  0.000E+00  0.000E+00  0.000E+00  0.000E+00  0.000E+00  0.000E+00  0.000E+00  0.000E+00
  258.0750  0.000E+00  0.000E+00  0.000E+00  0.000E+00  0.000E+00  0.000E+00  0.000E+00  0.000E+00  0.000E+00  0.000E+00  0.000E+00  0.000E+00  0.000E+00  0.000E+00  0.000E+00  0.000E+00  0.000E+00  0.000E+00  0.000E+00
  261.4490  0.000E+00  0.000E+00  0.000E+00  0.000E+00  0.000E+00  0.000E+00  0.000E+00  0.000E+00  0.000E+00  0.000E+00  0.000E+00  0.000E+00  0.000E+00  0.000E+00  0.000E+00  0.000E+00  0.000E+00  0.000E+00  0.000E+00
  264.9125  0.000E+00  0.000E+00  0.000E+00  0.000E+00  0.000E+00  0.000E+00  0.000E+00  0.000E+00  0.000E+00  0.000E+00  0.000E+00  0.000E+00  0.000E+00  0.000E+00  0.000E+00  0.000E+00  0.000E+00  0.000E+00  0.000E+00
  268.4685  0.000E+00  0.000E+00  0.000E+00  0.000E+00  0.000E+00  0.000E+00  0.000E+00  0.000E+00  0.000E+00  0.000E+00  0.000E+00  0.000E+00  0.000E+00  0.000E+00  0.000E+00  0.000E+00  0.000E+00  0.000E+00  0.000E+00
  272.1215  0.000E+00  0.000E+00  0.000E+00  0.000E+00  0.000E+00  0.000E+00  0.000E+00  0.000E+00  0.000E+00  0.000E+00  0.000E+00  0.000E+00  0.000E+00  0.000E+00  0.000E+00  0.000E+00  0.000E+00  0.000E+00  0.000E+00
  275.8755  0.000E+00  0.000E+00  0.000E+00  0.000E+00  0.000E+00  0.000E+00  0.000E+00  0.000E+00  0.000E+00  0.000E+00  0.000E+00  0.000E+00  0.000E+00  0.000E+00  0.000E+00  0.000E+00  0.000E+00  0.000E+00  0.000E+00
  279.7340  0.000E+00  0.000E+00  0.000E+00  0.000E+00  0.000E+00  0.000E+00  0.000E+00  0.000E+00  0.000E+00  0.000E+00  0.000E+00  0.000E+00  0.000E+00  0.000E+00  0.000E+00  0.000E+00  0.000E+00  0.000E+00  0.000E+00
  283.7020  0.000E+00  0.000E+00  0.000E+00  0.000E+00  0.000E+00  0.000E+00  0.000E+00  0.000E+00  0.000E+00  0.000E+00  0.000E+00  0.000E+00  0.000E+00  0.000E+00  0.000E+00  0.000E+00  0.000E+00  0.000E+00  0.000E+00
  287.7845  0.000E+00  0.000E+00  0.000E+00  0.000E+00  0.000E+00  0.000E+00  0.000E+00  0.000E+00  0.000E+00  0.000E+00  0.000E+00  0.000E+00  0.000E+00  0.000E+00  0.000E+00  0.000E+00  0.000E+00  0.000E+00  0.000E+00
  291.9865  7.979E+10  7.764E+10  7.145E+10  6.198E+10  5.041E+10  3.810E+10  2.644E+10  1.661E+10  9.084E+09  4.257E+09  1.619E+09  4.825E+08  1.231E+08  4.300E+07  2.520E+07  1.691E+07  1.127E+07  6.881E+06  2.799E+06
  296.3090  1.674E+12  1.648E+12  1.570E+12  1.446E+12  1.282E+12  1.090E+12  8.818E+11  6.714E+11  4.739E+11  3.046E+11  1.721E+11  8.190E+10  3.092E+10  8.978E+09  2.558E+09  1.217E+09  7.455E+08  4.269E+08  1.663E+08
  300.5000  9.442E+12  9.354E+12  9.092E+12  8.663E+12  8.074E+12  7.339E+12  6.479E+12  5.521E+12  4.497E+12  3.468E+12  2.476E+12  1.592E+12  8.799E+11  3.884E+11  1.236E+11  2.942E+10  1.054E+10  5.352E+09  1.917E+09
  303.0000  2.772E+13  2.754E+13  2.698E+13  2.606E+13  2.477E+13  2.313E+13  2.114E+13  1.888E+13  1.624E+13  1.347E+13  1.057E+13  7.677E+12  4.995E+12  2.745E+12  1.150E+12  3.145E+11  6.507E+10  2.487E+10  8.171E+09
  304.0000  3.096E+13  3.077E+13  3.021E+13  2.927E+13  2.796E+13  2.627E+13  2.422E+13  2.176E+13  1.906E+13  1.609E+13  1.290E+13  9.651E+12  6.530E+12  3.787E+12  1.710E+12  5.092E+11  9.838E+10  3.212E+10  1.020E+10
  305.0000  4.371E+13  4.348E+13  4.279E+13  4.163E+13  4.000E+13  3.789E+13  3.529E+13  3.231E+13  2.865E+13  2.471E+13  2.038E+13  1.583E+13  1.126E+13  6.995E+12  3.483E+12  1.180E+12  2.278E+11  5.674E+10  1.695E+10
  306.0000  4.198E+13  4.178E+13  4.118E+13  4.017E+13  3.874E+13  3.689E+13  3.460E+13  3.186E+13  2.865E+13  2.506E+13  2.104E+13  1.673E+13  1.229E+13  7.983E+12  4.238E+12  1.571E+12  3.202E+11  6.534E+10  1.843E+10
  307.0000  5.542E+13  5.518E+13  5.448E+13  5.329E+13  5.161E+13  4.942E+13  4.668E+13  4.334E+13  3.947E+13  3.504E+13  3.000E+13  2.446E+13  1.858E+13  1.265E+13  7.194E+12  2.953E+12  6.649E+11  1.101E+11  2.840E+10
  308.0000  6.655E+13  6.631E+13  6.556E+13  6.429E+13  6.251E+13  6.015E+13  5.720E+13  5.355E+13  4.929E+13  4.435E+13  3.864E+13  3.224E+13  2.525E+13  1.796E+13  1.088E+13  4.916E+12  1.252E+12  1.787E+11  4.070E+10
  309.0000  6.995E+13  6.970E+13  6.898E+13  6.775E+13  6.599E+13  6.369E+13  6.079E+13  5.714E+13  5.295E+13  4.801E+13  4.224E+13  3.570E+13  2.845E+13  2.072E+13  1.300E+13  6.208E+12  1.712E+12  2.312E+11  4.787E+10
  310.0000  7.081E+13  7.060E+13  6.997E+13  6.891E+13  6.739E+13  6.537E+13  6.281E+13  5.958E+13  5.580E+13  5.129E+13  4.594E+13  3.975E+13  3.269E+13  2.489E+13  1.667E+13  8.821E+12  2.856E+12  3.821E+11  6.268E+10
  311.0000  1.203E+14  1.200E+14  1.190E+14  1.173E+14  1.149E+14  1.117E+14  1.076E+14  1.025E+14  9.638E+13  8.910E+13  8.041E+13  7.024E+13  5.853E+13  4.538E+13  3.122E+13  1.724E+13  5.985E+12  8.260E+11  1.206E+11
  312.0000  1.092E+14  1.089E+14  1.081E+14  1.068E+14  1.048E+14  1.022E+14  9.886E+13  9.455E+13  8.956E+13  8.346E+13  7.610E+13  6.739E+13  5.720E+13  4.550E+13  3.251E+13  1.905E+13  7.334E+12  1.102E+12  1.340E+11
  313.0000  1.241E+14  1.239E+14  1.231E+14  1.217E+14  1.198E+14  1.171E+14  1.137E+14  1.094E+14  1.042E+14  9.785E+13  9.013E+13  8.086E+13  6.986E+13  5.696E+13  4.222E+13  2.625E+13  1.119E+13  1.908E+12  1.929E+11
  314.0000  1.362E+14  1.359E+14  1.351E+14  1.337E+14  1.316E+14  1.289E+14  1.253E+14  1.208E+14  1.153E+14  1.087E+14  1.005E+14  9.063E+13  7.885E+13  6.493E+13  4.882E+13  3.107E+13  1.379E+13  2.489E+12  2.336E+11
  316.0000  1.430E+14  1.428E+14  1.421E+14  1.409E+14  1.392E+14  1.369E+14  1.339E+14  1.299E+14  1.251E+14  1.192E+14  1.119E+14  1.028E+14  9.173E+13  7.824E+13  6.199E+13  4.289E+13  2.214E+13  5.175E+12  3.871E+11
  320.0000  1.874E+14  1.872E+14  1.865E+14  1.854E+14  1.838E+14  1.816E+14  1.787E+14  1.747E+14  1.699E+14  1.639E+14  1.561E+14  1.464E+14  1.342E+14  1.189E+14  9.958E+13  7.536E+13  4.579E+13  1.488E+13  1.007E+12
  325.0000  2.425E+14  2.423E+14  2.418E+14  2.408E+14  2.394E+14  2.373E+14  2.346E+14  2.309E+14  2.262E+14  2.202E+14  2.124E+14  2.024E+14  1.895E+14  1.729E+14  1.512E+14  1.226E+14  8.470E+13  3.653E+13  2.868E+12
  330.0000  3.002E+14  3.000E+14  2.995E+14  2.986E+14  2.972E+14  2.952E+14  2.925E+14  2.888E+14  2.840E+14  2.778E+14  2.696E+14  2.589E+14  2.449E+14  2.266E+14  2.024E+14  1.697E+14  1.245E+14  6.171E+13  5.682E+12
  335.0000  2.835E+14  2.834E+14  2.830E+14  2.823E+14  2.813E+14  2.798E+14  2.777E+14  2.747E+14  2.709E+14  2.658E+14  2.590E+14  2.500E+14  2.382E+14  2.225E+14  2.014E+14  1.726E+14  1.318E+14  7.161E+13  7.565E+12
  340.0000  3.044E+14  3.043E+14  3.040E+14  3.033E+14  3.024E+14  3.010E+14  2.990E+14  2.962E+14  2.925E+14  2.875E+14  2.809E+14  2.720E+14  2.601E+14  2.443E+14  2.229E+14  1.933E+14  1.508E+14  8.600E+13  9.783E+12
  345.0000  2.963E+14  2.962E+14  2.959E+14  2.954E+14  2.946E+14  2.933E+14  2.916E+14  2.891E+14  2.858E+14  2.814E+14  2.753E+14  2.672E+14  2.563E+14  2.417E+14  2.217E+14  1.938E+14  1.534E+14  9.041E+13  1.082E+13
  350.0000  3.056E+14  3.055E+14  3.053E+14  3.048E+14  3.040E+14  3.029E+14  3.013E+14  2.989E+14  2.957E+14  2.913E+14  2.854E+14  2.774E+14  2.666E+14  2.520E+14  2.319E+14  2.038E+14  1.625E+14  9.756E+13  1.194E+13
  355.0000  3.194E+14  3.193E+14  3.190E+14  3.186E+14  3.179E+14  3.168E+14  3.153E+14  3.129E+14  3.098E+14  3.056E+14  2.997E+14  2.918E+14  2.810E+14  2.663E+14  2.460E+14  2.174E+14  1.751E+14  1.074E+14  1.367E+13
  360.0000  2.888E+14  2.887E+14  2.886E+14  2.882E+14  2.876E+14  2.867E+14  2.854E+14  2.835E+14  2.809E+14  2.773E+14  2.723E+14  2.654E+14  2.560E+14  2.432E+14  2.255E+14  2.002E+14  1.625E+14  1.015E+14  1.342E+13
  365.0000  3.636E+14  3.635E+14  3.633E+14  3.629E+14  3.622E+14  3.612E+14  3.597E+14  3.575E+14  3.544E+14  3.501E+14  3.441E+14  3.358E+14  3.245E+14  3.090E+14  2.873E+14  2.562E+14  2.096E+14  1.331E+14  1.829E+13
  370.0000  3.745E+14  3.745E+14  3.743E+14  3.739E+14  3.733E+14  3.724E+14  3.710E+14  3.688E+14  3.658E+14  3.617E+14  3.558E+14  3.477E+14  3.365E+14  3.210E+14  2.993E+14  2.680E+14  2.207E+14  1.423E+14  2.036E+13
  375.0000  3.356E+14  3.355E+14  3.354E+14  3.351E+14  3.346E+14  3.338E+14  3.327E+14  3.309E+14  3.284E+14  3.249E+14  3.198E+14  3.129E+14  3.033E+14  2.899E+14  2.710E+14  2.436E+14  2.019E+14  1.321E+14  1.969E+13
  380.0000  3.829E+14  3.829E+14  3.828E+14  3.825E+14  3.820E+14  3.812E+14  3.800E+14  3.781E+14  3.754E+14  3.716E+14  3.661E+14  3.585E+14  3.480E+14  3.332E+14  3.122E+14  2.817E+14  2.349E+14  1.558E+14  2.423E+13
  385.0000  2.868E+14  2.868E+14  2.867E+14  2.865E+14  2.862E+14  2.857E+14  2.848E+14  2.835E+14  2.816E+14  2.789E+14  2.750E+14  2.696E+14  2.620E+14  2.513E+14  2.360E+14  2.137E+14  1.792E+14  1.204E+14  1.955E+13
  390.0000  3.724E+14  3.724E+14  3.723E+14  3.721E+14  3.717E+14  3.711E+14  3.701E+14  3.685E+14  3.661E+14  3.629E+14  3.581E+14  3.513E+14  3.418E+14  3.283E+14  3.091E+14  2.808E+14  2.368E+14  1.610E+14  2.731E+13
  395.0000  2.874E+14  2.874E+14  2.874E+14  2.872E+14  2.870E+14  2.865E+14  2.858E+14  2.847E+14  2.830E+14  2.806E+14  2.771E+14  2.720E+14  2.650E+14  2.549E+14  2.405E+14  2.192E+14  1.858E+14  1.278E+14  2.264E+13
  400.0000  5.313E+14  5.313E+14  5.312E+14  5.310E+14  5.306E+14  5.298E+14  5.286E+14  5.266E+14  5.237E+14  5.195E+14  5.133E+14  5.044E+14  4.918E+14  4.739E+14  4.480E+14  4.095E+14  3.489E+14  2.427E+14  4.487E+13
  405.0000  5.397E+14  5.397E+14  5.396E+14  5.394E+14  5.391E+14  5.384E+14  5.373E+14  5.354E+14  5.326E+14  5.285E+14  5.225E+14  5.139E+14  5.015E+14  4.839E+14  4.583E+14  4.201E+14  3.597E+14  2.528E+14  4.877E+13
  410.0000  5.548E+14  5.548E+14  5.547E+14  5.545E+14  5.542E+14  5.536E+14  5.525E+14  5.507E+14  5.480E+14  5.441E+14  5.382E+14  5.296E+14  5.174E+14  4.999E+14  4.743E+14  4.359E+14  3.749E+14  2.661E+14  5.350E+13
  415.0000  5.766E+14  5.765E+14  5.765E+14  5.764E+14  5.761E+14  5.755E+14  5.745E+14  5.727E+14  5.701E+14  5.662E+14  5.603E+14  5.518E+14  5.396E+14  5.219E+14  4.961E+14  4.571E+14  3.948E+14  2.829E+14  5.925E+13
  420.0000  5.807E+14  5.807E+14  5.807E+14  5.806E+14  5.803E+14  5.798E+14  5.788E+14  5.772E+14  5.747E+14  5.710E+14  5.653E+14  5.571E+14  5.452E+14  5.279E+14  5.026E+14  4.643E+14  4.026E+14  2.911E+14  6.342E+13
  425.0000  5.534E+14  5.534E+14  5.534E+14  5.533E+14  5.531E+14  5.527E+14  5.519E+14  5.504E+14  5.481E+14  5.447E+14  5.396E+14  5.320E+14  5.210E+14  5.051E+14  4.816E+14  4.458E+14  3.881E+14  2.829E+14  6.394E+13
  430.0000  5.100E+14  5.100E+14  5.100E+14  5.099E+14  5.098E+14  5.094E+14  5.087E+14  5.074E+14  5.054E+14  5.025E+14  4.979E+14  4.912E+14  4.814E+14  4.672E+14  4.461E+14  4.139E+14  3.617E+14  2.658E+14  6.239E+13
  435.0000  5.916E+14  5.916E+14  5.916E+14  5.915E+14  5.914E+14  5.910E+14  5.902E+14  5.888E+14  5.867E+14  5.834E+14  5.783E+14  5.708E+14  5.598E+14  5.438E+14  5.200E+14  4.835E+14  4.239E+14  3.139E+14  7.632E+13
  440.0000  6.083E+14  6.083E+14  6.083E+14  6.082E+14  6.081E+14  6.077E+14  6.070E+14  6.057E+14  6.035E+14  6.003E+14  5.953E+14  5.878E+14  5.769E+14  5.608E+14  5.369E+14  5.001E+14  4.398E+14  3.278E+14  8.224E+13
  445.0000  6.533E+14  6.533E+14  6.533E+14  6.533E+14  6.532E+14  6.528E+14  6.521E+14  6.507E+14  6.485E+14  6.452E+14  6.400E+14  6.323E+14  6.209E+14  6.041E+14  5.790E+14  5.403E+14  4.766E+14  3.575E+14  9.260E+13
  450.0000  6.951E+14  6.951E+14  6.952E+14  6.951E+14  6.950E+14  6.947E+14  6.940E+14  6.926E+14  6.904E+14  6.870E+14  6.816E+14  6.737E+14  6.619E+14  6.445E+14  6.185E+14  5.782E+14  5.116E+14  3.863E+14  1.033E+14
  455.0000  6.808E+14  6.808E+14  6.808E+14  6.808E+14  6.807E+14  6.804E+14  6.797E+14  6.784E+14  6.763E+14  6.731E+14  6.681E+14  6.605E+14  6.494E+14  6.328E+14  6.079E+14  5.692E+14  5.050E+14  3.836E+14  1.055E+14
  460.0000  7.009E+14  7.009E+14  7.010E+14  7.009E+14  7.008E+14  7.005E+14  6.998E+14  6.985E+14  6.964E+14  6.932E+14  6.881E+14  6.805E+14  6.691E+14  6.524E+14  6.271E+14  5.877E+14  5.221E+14  3.976E+14  1.114E+14
  465.0000  6.940E+14  6.940E+14  6.941E+14  6.940E+14  6.939E+14  6.936E+14  6.930E+14  6.918E+14  6.898E+14  6.867E+14  6.819E+14  6.745E+14  6.637E+14  6.475E+14  6.230E+14  5.849E+14  5.210E+14  3.992E+14  1.151E+14
  470.0000  6.913E+14  6.913E+14  6.914E+14  6.914E+14  6.913E+14  6.910E+14  6.904E+14  6.892E+14  6.873E+14  6.843E+14  6.796E+14  6.725E+14  6.620E+14  6.462E+14  6.224E+14  5.850E+14  5.224E+14  4.022E+14  1.189E+14
  475.0000  7.007E+14  7.007E+14  7.007E+14  7.007E+14  7.006E+14  7.003E+14  6.997E+14  6.985E+14  6.966E+14  6.937E+14  6.891E+14  6.820E+14  6.715E+14  6.559E+14  6.322E+14  5.949E+14  5.322E+14  4.113E+14  1.243E+14
  480.0000  7.215E+14  7.215E+14  7.215E+14  7.214E+14  7.213E+14  7.210E+14  7.203E+14  7.191E+14  7.171E+14  7.140E+14  7.092E+14  7.020E+14  6.912E+14  6.750E+14  6.506E+14  6.122E+14  5.475E+14  4.223E+14  1.279E+14
  485.0000  6.568E+14  6.568E+14  6.568E+14  6.568E+14  6.566E+14  6.563E+14  6.558E+14  6.546E+14  6.529E+14  6.501E+14  6.458E+14  6.394E+14  6.297E+14  6.153E+14  5.934E+14  5.590E+14  5.007E+14  3.875E+14  1.196E+14
  490.0000  6.859E+14  6.859E+14  6.859E+14  6.859E+14  6.858E+14  6.855E+14  6.849E+14  6.837E+14  6.819E+14  6.792E+14  6.748E+14  6.682E+14  6.584E+14  6.437E+14  6.214E+14  5.861E+14  5.262E+14  4.094E+14  1.295E+14
  495.0000  7.005E+14  7.005E+14  7.005E+14  7.004E+14  7.003E+14  7.000E+14  6.994E+14  6.982E+14  6.964E+14  6.936E+14  6.892E+14  6.826E+14  6.727E+14  6.579E+14  6.354E+14  5.997E+14  5.391E+14  4.205E+14  1.351E+14
  500.0000  6.692E+14  6.692E+14  6.693E+14  6.692E+14  6.690E+14  6.687E+14  6.680E+14  6.668E+14  6.650E+14  6.623E+14  6.580E+14  6.516E+14  6.421E+14  6.279E+14  6.062E+14  5.720E+14  5.136E+14  3.993E+14  1.278E+14
  505.0000  6.810E+14  6.810E+14  6.809E+14  6.808E+14  6.806E+14  6.801E+14  6.794E+14  6.781E+14  6.761E+14  6.732E+14  6.687E+14  6.621E+14  6.522E+14  6.374E+14  6.150E+14  5.796E+14  5.193E+14  4.012E+14  1.266E+14
  510.0000  6.777E+14  6.777E+14  6.776E+14  6.775E+14  6.773E+14  6.768E+14  6.761E+14  6.749E+14  6.730E+14  6.701E+14  6.658E+14  6.593E+14  6.496E+14  6.353E+14  6.134E+14  5.789E+14  5.197E+14  4.034E+14  1.302E+14
  515.0000  6.304E+14  6.304E+14  6.303E+14  6.302E+14  6.299E+14  6.295E+14  6.288E+14  6.276E+14  6.259E+14  6.233E+14  6.193E+14  6.133E+14  6.044E+14  5.912E+14  5.712E+14  5.393E+14  4.847E+14  3.771E+14  1.233E+14
  520.0000  6.500E+14  6.500E+14  6.499E+14  6.497E+14  6.495E+14  6.490E+14  6.483E+14  6.470E+14  6.452E+14  6.424E+14  6.383E+14  6.321E+14  6.229E+14  6.094E+14  5.887E+14  5.558E+14  4.995E+14  3.884E+14  1.275E+14
  525.0000  6.537E+14  6.536E+14  6.535E+14  6.533E+14  6.530E+14  6.525E+14  6.516E+14  6.503E+14  6.483E+14  6.454E+14  6.411E+14  6.347E+14  6.253E+14  6.114E+14  5.903E+14  5.568E+14  4.993E+14  3.860E+14  1.250E+14
  530.0000  6.897E+14  6.897E+14  6.896E+14  6.893E+14  6.889E+14  6.882E+14  6.872E+14  6.856E+14  6.834E+14  6.802E+14  6.754E+14  6.684E+14  6.581E+14  6.430E+14  6.201E+14  5.838E+14  5.217E+14  3.997E+14  1.262E+14
  535.0000  6.706E+14  6.705E+14  6.704E+14  6.701E+14  6.696E+14  6.690E+14  6.679E+14  6.663E+14  6.641E+14  6.609E+14  6.562E+14  6.493E+14  6.393E+14  6.245E+14  6.021E+14  5.667E+14  5.061E+14  3.869E+14  1.219E+14
  540.0000  6.738E+14  6.738E+14  6.736E+14  6.733E+14  6.729E+14  6.721E+14  6.711E+14  6.695E+14  6.672E+14  6.640E+14  6.593E+14  6.524E+14  6.424E+14  6.277E+14  6.054E+14  5.701E+14  5.095E+14  3.901E+14  1.242E+14
  545.0000  6.859E+14  6.859E+14  6.857E+14  6.854E+14  6.849E+14  6.841E+14  6.829E+14  6.812E+14  6.788E+14  6.755E+14  6.706E+14  6.635E+14  6.532E+14  6.380E+14  6.152E+14  5.789E+14  5.168E+14  3.943E+14  1.248E+14
  550.0000  6.905E+14  6.904E+14  6.903E+14  6.899E+14  6.893E+14  6.885E+14  6.873E+14  6.855E+14  6.831E+14  6.796E+14  6.746E+14  6.674E+14  6.570E+14  6.417E+14  6.186E+14  5.820E+14  5.193E+14  3.955E+14  1.250E+14
  555.0000  6.870E+14  6.869E+14  6.867E+14  6.863E+14  6.857E+14  6.848E+14  6.836E+14  6.817E+14  6.793E+14  6.758E+14  6.707E+14  6.635E+14  6.531E+14  6.378E+14  6.148E+14  5.784E+14  5.158E+14  3.923E+14  1.241E+14
  560.0000  6.715E+14  6.715E+14  6.712E+14  6.708E+14  6.702E+14  6.692E+14  6.679E+14  6.660E+14  6.634E+14  6.598E+14  6.547E+14  6.474E+14  6.369E+14  6.216E+14  5.986E+14  5.623E+14  5.000E+14  3.774E+14  1.169E+14
  565.0000  6.745E+14  6.744E+14  6.741E+14  6.736E+14  6.729E+14  6.718E+14  6.704E+14  6.684E+14  6.656E+14  6.618E+14  6.565E+14  6.489E+14  6.380E+14  6.223E+14  5.986E+14  5.613E+14  4.974E+14  3.723E+14  1.125E+14
  570.0000  6.730E+14  6.729E+14  6.726E+14  6.721E+14  6.713E+14  6.702E+14  6.687E+14  6.665E+14  6.637E+14  6.598E+14  6.543E+14  6.466E+14  6.356E+14  6.196E+14  5.957E+14  5.580E+14  4.936E+14  3.676E+14  1.097E+14
  575.0000  6.873E+14  6.872E+14  6.869E+14  6.864E+14  6.855E+14  6.844E+14  6.828E+14  6.805E+14  6.776E+14  6.736E+14  6.679E+14  6.600E+14  6.487E+14  6.323E+14  6.078E+14  5.693E+14  5.034E+14  3.745E+14  1.118E+14
  580.0000  6.800E+14  6.799E+14  6.796E+14  6.791E+14  6.783E+14  6.772E+14  6.756E+14  6.734E+14  6.706E+14  6.667E+14  6.612E+14  6.535E+14  6.426E+14  6.268E+14  6.031E+14  5.658E+14  5.018E+14  3.759E+14  1.153E+14
  585.0000  6.844E+14  6.843E+14  6.840E+14  6.835E+14  6.827E+14  6.816E+14  6.800E+14  6.779E+14  6.751E+14  6.713E+14  6.659E+14  6.584E+14  6.477E+14  6.322E+14  6.089E+14  5.722E+14  5.090E+14  3.842E+14  1.213E+14
  590.0000  6.637E+14  6.637E+14  6.633E+14  6.628E+14  6.620E+14  6.610E+14  6.595E+14  6.574E+14  6.546E+14  6.510E+14  6.458E+14  6.385E+14  6.283E+14  6.133E+14  5.910E+14  5.557E+14  4.949E+14  3.745E+14  1.197E+14
  595.0000  6.796E+14  6.795E+14  6.792E+14  6.786E+14  6.777E+14  6.765E+14  6.749E+14  6.727E+14  6.698E+14  6.659E+14  6.604E+14  6.528E+14  6.421E+14  6.266E+14  6.033E+14  5.667E+14  5.036E+14  3.791E+14  1.194E+14
  600.0000  6.655E+14  6.654E+14  6.650E+14  6.644E+14  6.635E+14  6.623E+14  6.606E+14  6.582E+14  6.553E+14  6.513E+14  6.458E+14  6.381E+14  6.272E+14  6.116E+14  5.884E+14  5.517E+14  4.888E+14  3.650E+14  1.123E+14
  605.0000  6.767E+14  6.765E+14  6.761E+14  6.755E+14  6.746E+14  6.733E+14  6.716E+14  6.691E+14  6.661E+14  6.621E+14  6.564E+14  6.486E+14  6.377E+14  6.219E+14  5.984E+14  5.613E+14  4.976E+14  3.722E+14  1.155E+14
  610.0000  6.725E+14  6.724E+14  6.721E+14  6.715E+14  6.706E+14  6.694E+14  6.677E+14  6.654E+14  6.625E+14  6.587E+14  6.533E+14  6.459E+14  6.354E+14  6.203E+14  5.978E+14  5.622E+14  5.009E+14  3.791E+14  1.227E+14
  615.0000  6.611E+14  6.610E+14  6.607E+14  6.601E+14  6.593E+14  6.581E+14  6.566E+14  6.545E+14  6.518E+14  6.482E+14  6.432E+14  6.362E+14  6.264E+14  6.122E+14  5.910E+14  5.574E+14  4.993E+14  3.829E+14  1.300E+14
  620.0000  6.751E+14  6.750E+14  6.747E+14  6.741E+14  6.733E+14  6.721E+14  6.707E+14  6.686E+14  6.659E+14  6.624E+14  6.575E+14  6.507E+14  6.411E+14  6.271E+14  6.063E+14  5.732E+14  5.157E+14  3.997E+14  1.411E+14
  625.0000  6.648E+14  6.647E+14  6.644E+14  6.638E+14  6.631E+14  6.620E+14  6.605E+14  6.586E+14  6.560E+14  6.527E+14  6.480E+14  6.415E+14  6.323E+14  6.190E+14  5.991E+14  5.675E+14  5.124E+14  4.006E+14  1.459E+14
  630.0000  6.699E+14  6.698E+14  6.695E+14  6.690E+14  6.682E+14  6.672E+14  6.658E+14  6.639E+14  6.614E+14  6.581E+14  6.536E+14  6.473E+14  6.384E+14  6.255E+14  6.060E+14  5.752E+14  5.213E+14  4.113E+14  1.549E+14
  635.0000  6.696E+14  6.695E+14  6.692E+14  6.687E+14  6.680E+14  6.669E+14  6.656E+14  6.638E+14  6.614E+14  6.583E+14  6.539E+14  6.479E+14  6.393E+14  6.269E+14  6.082E+14  5.785E+14  5.265E+14  4.194E+14  1.637E+14
  640.0000  6.662E+14  6.661E+14  6.659E+14  6.653E+14  6.646E+14  6.637E+14  6.624E+14  6.606E+14  6.584E+14  6.554E+14  6.513E+14  6.455E+14  6.374E+14  6.255E+14  6.077E+14  5.792E+14  5.293E+14  4.260E+14  1.723E+14
  644.8000  6.665E+14  6.664E+14  6.661E+14  6.656E+14  6.649E+14  6.640E+14  6.628E+14  6.611E+14  6.589E+14  6.561E+14  6.521E+14  6.465E+14  6.387E+14  6.273E+14  6.101E+14  5.827E+14  5.343E+14  4.337E+14  1.811E+14
  651.0500  6.633E+14  6.632E+14  6.629E+14  6.624E+14  6.617E+14  6.608E+14  6.596E+14  6.580E+14  6.559E+14  6.532E+14  6.494E+14  6.441E+14  6.366E+14  6.258E+14  6.093E+14  5.830E+14  5.367E+14  4.396E+14  1.897E+14
  660.0000  6.364E+14  6.363E+14  6.361E+14  6.356E+14  6.350E+14  6.342E+14  6.331E+14  6.316E+14  6.297E+14  6.272E+14  6.238E+14  6.191E+14  6.123E+14  6.025E+14  5.877E+14  5.639E+14  5.218E+14  4.330E+14  1.959E+14
  670.0000  6.615E+14  6.614E+14  6.611E+14  6.607E+14  6.601E+14  6.592E+14  6.581E+14  6.567E+14  6.549E+14  6.525E+14  6.492E+14  6.446E+14  6.380E+14  6.286E+14  6.142E+14  5.912E+14  5.503E+14  4.631E+14  2.207E+14
  680.0000  6.575E+14  6.574E+14  6.571E+14  6.567E+14  6.561E+14  6.553E+14  6.543E+14  6.529E+14  6.512E+14  6.489E+14  6.458E+14  6.415E+14  6.355E+14  6.266E+14  6.132E+14  5.918E+14  5.535E+14  4.714E+14  2.347E+14
  690.0000  6.558E+14  6.557E+14  6.555E+14  6.550E+14  6.544E+14  6.537E+14  6.526E+14  6.513E+14  6.497E+14  6.475E+14  6.446E+14  6.405E+14  6.348E+14  6.264E+14  6.138E+14  5.935E+14  5.574E+14  4.793E+14  2.475E+14
  700.0000  6.522E+14  6.521E+14  6.519E+14  6.514E+14  6.508E+14  6.501E+14  6.491E+14  6.478E+14  6.462E+14  6.442E+14  6.414E+14  6.376E+14  6.322E+14  6.244E+14  6.126E+14  5.936E+14  5.597E+14  4.860E+14  2.602E+14
  710.0000  6.443E+14  6.442E+14  6.439E+14  6.435E+14  6.429E+14  6.421E+14  6.412E+14  6.399E+14  6.384E+14  6.364E+14  6.337E+14  6.301E+14  6.249E+14  6.175E+14  6.063E+14  5.883E+14  5.563E+14  4.861E+14  2.668E+14
  720.0000  6.302E+14  6.301E+14  6.299E+14  6.294E+14  6.288E+14  6.281E+14  6.271E+14  6.259E+14  6.244E+14  6.225E+14  6.199E+14  6.164E+14  6.116E+14  6.046E+14  5.940E+14  5.771E+14  5.468E+14  4.805E+14  2.695E+14
  730.0000  6.227E+14  6.226E+14  6.223E+14  6.219E+14  6.213E+14  6.206E+14  6.196E+14  6.184E+14  6.169E+14  6.151E+14  6.126E+14  6.093E+14  6.047E+14  5.980E+14  5.880E+14  5.720E+14  5.434E+14  4.805E+14  2.760E+14
------------------------------------------------------------
Photolysis rate coefficients, s-1
   1 = O3 -> O2 + O(1D)                                  
   2 = NO2 -> NO + O(3P)                                 
   3 = HNO2 -> OH + NO                                   
   4 = HNO3 -> OH + NO2                                  
   5 = Cl2 -> Cl + Cl                                    
   6 = ClOO -> Products                                  
   7 = OClO -> Products                                  
   8 = ClOOCl -> Cl + ClOO                               
   9 = ClNO2 -> Cl + NO2                                 
  10 = Br2 -> Br + Br                                    
  11 = BrO -> Br + O                                     
  12 = HOBr -> OH + Br                                   
  13 = BrNO -> Br + NO                                   
  14 = BrONO -> Br + NO2                                 
  15 = BrONO -> BrO + NO                                 
  16 = BrNO2 -> Br + NO2                                 
  17 = BrONO2 -> BrO + NO2                               
  18 = BrONO2 -> Br + NO3                                
  19 = BrCl -> Br + Cl                                   
values at z =     15.000 km
Columns: sza, photo-reactions
 sza, deg.          1          2          3          4          5          6          7          8          9         10         11         12         13         14         15         16         17         18         19
    0.0000  6.912E-05  1.378E-02  2.480E-03  1.026E-06  3.985E-03  0.000E+00  1.307E-01  3.053E-03  8.770E-04  4.278E-02  6.653E-02  3.478E-03  3.131E-02  2.098E-02  2.098E-02  7.139E-03  3.365E-04  1.907E-03  1.540E-02
    5.0000  6.871E-05  1.377E-02  2.480E-03  1.021E-06  3.983E-03  0.000E+00  1.306E-01  3.050E-03  8.762E-04  4.278E-02  6.649E-02  3.477E-03  3.130E-02  2.096E-02  2.096E-02  7.137E-03  3.363E-04  1.906E-03  1.540E-02
   10.0000  6.751E-05  1.376E-02  2.477E-03  1.008E-06  3.976E-03  0.000E+00  1.305E-01  3.041E-03  8.736E-04  4.278E-02  6.636E-02  3.473E-03  3.129E-02  2.091E-02  2.091E-02  7.132E-03  3.358E-04  1.903E-03  1.539E-02
   15.0000  6.551E-05  1.374E-02  2.473E-03  9.857E-07  3.965E-03  0.000E+00  1.303E-01  3.026E-03  8.692E-04  4.277E-02  6.613E-02  3.466E-03  3.127E-02  2.081E-02  2.081E-02  7.123E-03  3.349E-04  1.898E-03  1.538E-02
   20.0000  6.275E-05  1.371E-02  2.467E-03  9.554E-07  3.948E-03  0.000E+00  1.300E-01  3.003E-03  8.628E-04  4.275E-02  6.580E-02  3.455E-03  3.123E-02  2.068E-02  2.068E-02  7.108E-03  3.335E-04  1.890E-03  1.536E-02
   25.0000  5.926E-05  1.367E-02  2.457E-03  9.175E-07  3.923E-03  0.000E+00  1.295E-01  2.973E-03  8.540E-04  4.271E-02  6.532E-02  3.439E-03  3.117E-02  2.049E-02  2.049E-02  7.087E-03  3.316E-04  1.879E-03  1.534E-02
   30.0000  5.508E-05  1.360E-02  2.444E-03  8.727E-07  3.890E-03  0.000E+00  1.288E-01  2.933E-03  8.425E-04  4.265E-02  6.468E-02  3.418E-03  3.109E-02  2.025E-02  2.025E-02  7.055E-03  3.290E-04  1.864E-03  1.530E-02
   35.0000  5.026E-05  1.350E-02  2.424E-03  8.208E-07  3.845E-03  0.000E+00  1.278E-01  2.882E-03  8.273E-04  4.254E-02  6.381E-02  3.388E-03  3.096E-02  1.992E-02  1.992E-02  7.010E-03  3.255E-04  1.844E-03  1.523E-02
   40.0000  4.487E-05  1.337E-02  2.398E-03  7.634E-07  3.787E-03  0.000E+00  1.265E-01  2.818E-03  8.087E-04  4.237E-02  6.270E-02  3.349E-03  3.079E-02  1.951E-02  1.951E-02  6.949E-03  3.210E-04  1.819E-03  1.514E-02
   45.0000  3.911E-05  1.319E-02  2.363E-03  7.003E-07  3.712E-03  0.000E+00  1.247E-01  2.739E-03  7.856E-04  4.213E-02  6.127E-02  3.298E-03  3.056E-02  1.899E-02  1.899E-02  6.867E-03  3.153E-04  1.787E-03  1.500E-02
   50.0000  3.298E-05  1.295E-02  2.315E-03  6.304E-07  3.613E-03  0.000E+00  1.223E-01  2.640E-03  7.564E-04  4.176E-02  5.941E-02  3.230E-03  3.022E-02  1.834E-02  1.834E-02  6.752E-03  3.077E-04  1.744E-03  1.481E-02
   55.0000  2.670E-05  1.262E-02  2.251E-03  5.541E-07  3.485E-03  0.000E+00  1.191E-01  2.517E-03  7.201E-04  4.122E-02  5.702E-02  3.141E-03  2.976E-02  1.750E-02  1.750E-02  6.598E-03  2.980E-04  1.689E-03  1.454E-02
   60.0000  2.047E-05  1.217E-02  2.164E-03  4.717E-07  3.318E-03  0.000E+00  1.147E-01  2.365E-03  6.749E-04  4.043E-02  5.393E-02  3.023E-03  2.911E-02  1.645E-02  1.645E-02  6.388E-03  2.854E-04  1.617E-03  1.417E-02
   65.0000  1.456E-05  1.156E-02  2.047E-03  3.840E-07  3.101E-03  0.000E+00  1.089E-01  2.175E-03  6.185E-04  3.929E-02  4.994E-02  2.867E-03  2.820E-02  1.512E-02  1.512E-02  6.101E-03  2.689E-04  1.524E-03  1.364E-02
   70.0000  9.320E-06  1.073E-02  1.887E-03  2.924E-07  2.815E-03  0.000E+00  1.008E-01  1.935E-03  5.474E-04  3.759E-02  4.473E-02  2.656E-03  2.689E-02  1.342E-02  1.342E-02  5.704E-03  2.472E-04  1.401E-03  1.288E-02
   75.0000  5.118E-06  9.549E-03  1.663E-03  2.000E-07  2.429E-03  0.000E+00  8.956E-02  1.629E-03  4.569E-04  3.499E-02  3.783E-02  2.364E-03  2.493E-02  1.122E-02  1.122E-02  5.136E-03  2.177E-04  1.234E-03  1.177E-02
   80.0000  2.255E-06  7.804E-03  1.335E-03  1.122E-07  1.893E-03  0.000E+00  7.301E-02  1.229E-03  3.393E-04  3.074E-02  2.846E-02  1.940E-03  2.179E-02  8.314E-03  8.314E-03  4.284E-03  1.760E-04  9.976E-04  1.003E-02
   85.0000  6.897E-07  4.998E-03  8.207E-04  3.942E-08  1.111E-03  0.000E+00  4.668E-02  6.868E-04  1.835E-04  2.287E-02  1.541E-02  1.271E-03  1.611E-02  4.403E-03  4.403E-03  2.875E-03  1.126E-04  6.381E-04  7.018E-03
   90.0000  7.500E-08  7.586E-04  1.105E-04  3.514E-09  1.529E-04  0.000E+00  7.426E-03  8.659E-05  2.160E-05  6.015E-03  1.723E-03  2.405E-04  4.648E-03  4.804E-04  4.804E-04  5.268E-04  2.002E-05  1.134E-04  1.496E-03
------------------------------------------------------------
