Spectral actinic flux, quanta cm-2 s-1 nm-1
values at z =      0.000 km
Columns: wavelength (nm), solar zenith angles (deg.)
    wc, nm      0.000      5.000     10.000     15.000     20.000     25.000     30.000     35.000     40.000     45.000     50.000     55.000     60.000     65.000     70.000     75.000     80.000     85.000     90.000
  120.7000  0.000E+00  0.000E+00  0.000E+00  0.000E+00  0.000E+00  0.000E+00  0.000E+00  0.000E+00  0.000E+00  0.000E+00  0.000E+00  0.000E+00  0.000E+00  0.000E+00  0.000E+00  0.000E+00  0.000E+00  0.000E+00  0.000E+00
  121.6500  0.000E+00  0.000E+00  0.000E+00  0.000E+00  0.000E+00  0.000E+00  0.000E+00  0.000E+00  0.000E+00  0.000E+00  0.000E+00  0.000E+00  0.000E+00  0.000E+00  0.000E+00  0.000E+00  0.000E+00  0.000E+00  0.000E+00
  122.1000  0.000E+00  0.000E+00  0.000E+00  0.000E+00  0.000E+00  0.000E+00  0.000E+00  0.000E+00  0.000E+00  0.000E+00  0.000E+00  0.000E+00  0.000E+00  0.000E+00  0.000E+00  0.000E+00  0.000E+00  0.000E+00  0.000E+00
  122.7000  0.000E+00  0.000E+00  0.000E+00  0.000E+00  0.000E+00  0.000E+00  0.000E+00  0.000E+00  0.000E+00  0.000E+00  0.000E+00  0.000E+00  0.000E+00  0.000E+00  0.000E+00  0.000E+00  0.000E+00  0.000E+00  0.000E+00
  123.4500  0.000E+00  0.000E+00  0.000E+00  0.000E+00  0.000E+00  0.000E+00  0.000E+00  0.000E+00  0.000E+00  0.000E+00  0.000E+00  0.000E+00  0.000E+00  0.000E+00  0.000E+00  0.000E+00  0.000E+00  0.000E+00  0.000E+00
  124.2000  0.000E+00  0.000E+00  0.000E+00  0.000E+00  0.000E+00  0.000E+00  0.000E+00  0.000E+00  0.000E+00  0.000E+00  0.000E+00  0.000E+00  0.000E+00  0.000E+00  0.000E+00  0.000E+00  0.000E+00  0.000E+00  0.000E+00
  125.0000  0.000E+00  0.000E+00  0.000E+00  0.000E+00  0.000E+00  0.000E+00  0.000E+00  0.000E+00  0.000E+00  0.000E+00  0.000E+00  0.000E+00  0.000E+00  0.000E+00  0.000E+00  0.000E+00  0.000E+00  0.000E+00  0.000E+00
  125.8000  0.000E+00  0.000E+00  0.000E+00  0.000E+00  0.000E+00  0.000E+00  0.000E+00  0.000E+00  0.000E+00  0.000E+00  0.000E+00  0.000E+00  0.000E+00  0.000E+00  0.000E+00  0.000E+00  0.000E+00  0.000E+00  0.000E+00
  126.6000  0.000E+00  0.000E+00  0.000E+00  0.000E+00  0.000E+00  0.000E+00  0.000E+00  0.000E+00  0.000E+00  0.000E+00  0.000E+00  0.000E+00  0.000E+00  0.000E+00  0.000E+00  0.000E+00  0.000E+00  0.000E+00  0.000E+00
  127.8000  0.000E+00  0.000E+00  0.000E+00  0.000E+00  0.000E+00  0.000E+00  0.000E+00  0.000E+00  0.000E+00  0.000E+00  0.000E+00  0.000E+00  0.000E+00  0.000E+00  0.000E+00  0.000E+00  0.000E+00  0.000E+00  0.000E+00
  129.0000  0.000E+00  0.000E+00  0.000E+00  0.000E+00  0.000E+00  0.000E+00  0.000E+00  0.000E+00  0.000E+00  0.000E+00  0.000E+00  0.000E+00  0.000E+00  0.000E+00  0.000E+00  0.000E+00  0.000E+00  0.000E+00  0.000E+00
  129.8500  0.000E+00  0.000E+00  0.000E+00  0.000E+00  0.000E+00  0.000E+00  0.000E+00  0.000E+00  0.000E+00  0.000E+00  0.000E+00  0.000E+00  0.000E+00  0.000E+00  0.000E+00  0.000E+00  0.000E+00  0.000E+00  0.000E+00
  131.1500  0.000E+00  0.000E+00  0.000E+00  0.000E+00  0.000E+00  0.000E+00  0.000E+00  0.000E+00  0.000E+00  0.000E+00  0.000E+00  0.000E+00  0.000E+00  0.000E+00  0.000E+00  0.000E+00  0.000E+00  0.000E+00  0.000E+00
  133.5000  0.000E+00  0.000E+00  0.000E+00  0.000E+00  0.000E+00  0.000E+00  0.000E+00  0.000E+00  0.000E+00  0.000E+00  0.000E+00  0.000E+00  0.000E+00  0.000E+00  0.000E+00  0.000E+00  0.000E+00  0.000E+00  0.000E+00
  136.0000  0.000E+00  0.000E+00  0.000E+00  0.000E+00  0.000E+00  0.000E+00  0.000E+00  0.000E+00  0.000E+00  0.000E+00  0.000E+00  0.000E+00  0.000E+00  0.000E+00  0.000E+00  0.000E+00  0.000E+00  0.000E+00  0.000E+00
  141.0000  0.000E+00  0.000E+00  0.000E+00  0.000E+00  0.000E+00  0.000E+00  0.000E+00  0.000E+00  0.000E+00  0.000E+00  0.000E+00  0.000E+00  0.000E+00  0.000E+00  0.000E+00  0.000E+00  0.000E+00  0.000E+00  0.000E+00
  150.0000  0.000E+00  0.000E+00  0.000E+00  0.000E+00  0.000E+00  0.000E+00  0.000E+00  0.000E+00  0.000E+00  0.000E+00  0.000E+00  0.000E+00  0.000E+00  0.000E+00  0.000E+00  0.000E+00  0.000E+00  0.000E+00  0.000E+00
  160.0000  0.000E+00  0.000E+00  0.000E+00  0.000E+00  0.000E+00  0.000E+00  0.000E+00  0.000E+00  0.000E+00  0.000E+00  0.000E+00  0.000E+00  0.000E+00  0.000E+00  0.000E+00  0.000E+00  0.000E+00  0.000E+00  0.000E+00
  167.5000  0.000E+00  0.000E+00  0.000E+00  0.000E+00  0.000E+00  0.000E+00  0.000E+00  0.000E+00  0.000E+00  0.000E+00  0.000E+00  0.000E+00  0.000E+00  0.000E+00  0.000E+00  0.000E+00  0.000E+00  0.000E+00  0.000E+00
  172.2000  0.000E+00  0.000E+00  0.000E+00  0.000E+00  0.000E+00  0.000E+00  0.000E+00  0.000E+00  0.000E+00  0.000E+00  0.000E+00  0.000E+00  0.000E+00  0.000E+00  0.000E+00  0.000E+00  0.000E+00  0.000E+00  0.000E+00
  175.7000  0.000E+00  0.000E+00  0.000E+00  0.000E+00  0.000E+00  0.000E+00  0.000E+00  0.000E+00  0.000E+00  0.000E+00  0.000E+00  0.000E+00  0.000E+00  0.000E+00  0.000E+00  0.000E+00  0.000E+00  0.000E+00  0.000E+00
  177.8000  0.000E+00  0.000E+00  0.000E+00  0.000E+00  0.000E+00  0.000E+00  0.000E+00  0.000E+00  0.000E+00  0.000E+00  0.000E+00  0.000E+00  0.000E+00  0.000E+00  0.000E+00  0.000E+00  0.000E+00  0.000E+00  0.000E+00
  179.4000  0.000E+00  0.000E+00  0.000E+00  0.000E+00  0.000E+00  0.000E+00  0.000E+00  0.000E+00  0.000E+00  0.000E+00  0.000E+00  0.000E+00  0.000E+00  0.000E+00  0.000E+00  0.000E+00  0.000E+00  0.000E+00  0.000E+00
  181.0000  0.000E+00  0.000E+00  0.000E+00  0.000E+00  0.000E+00  0.000E+00  0.000E+00  0.000E+00  0.000E+00  0.000E+00  0.000E+00  0.000E+00  0.000E+00  0.000E+00  0.000E+00  0.000E+00  0.000E+00  0.000E+00  0.000E+00
  182.6500  0.000E+00  0.000E+00  0.000E+00  0.000E+00  0.000E+00  0.000E+00  0.000E+00  0.000E+00  0.000E+00  0.000E+00  0.000E+00  0.000E+00  0.000E+00  0.000E+00  0.000E+00  0.000E+00  0.000E+00  0.000E+00  0.000E+00
  184.3500  0.000E+00  0.000E+00  0.000E+00  0.000E+00  0.000E+00  0.000E+00  0.000E+00  0.000E+00  0.000E+00  0.000E+00  0.000E+00  0.000E+00  0.000E+00  0.000E+00  0.000E+00  0.000E+00  0.000E+00  0.000E+00  0.000E+00
  186.0500  0.000E+00  0.000E+00  0.000E+00  0.000E+00  0.000E+00  0.000E+00  0.000E+00  0.000E+00  0.000E+00  0.000E+00  0.000E+00  0.000E+00  0.000E+00  0.000E+00  0.000E+00  0.000E+00  0.000E+00  0.000E+00  0.000E+00
  187.8000  0.000E+00  0.000E+00  0.000E+00  0.000E+00  0.000E+00  0.000E+00  0.000E+00  0.000E+00  0.000E+00  0.000E+00  0.000E+00  0.000E+00  0.000E+00  0.000E+00  0.000E+00  0.000E+00  0.000E+00  0.000E+00  0.000E+00
  189.6000  0.000E+00  0.000E+00  0.000E+00  0.000E+00  0.000E+00  0.000E+00  0.000E+00  0.000E+00  0.000E+00  0.000E+00  0.000E+00  0.000E+00  0.000E+00  0.000E+00  0.000E+00  0.000E+00  0.000E+00  0.000E+00  0.000E+00
  191.4000  0.000E+00  0.000E+00  0.000E+00  0.000E+00  0.000E+00  0.000E+00  0.000E+00  0.000E+00  0.000E+00  0.000E+00  0.000E+00  0.000E+00  0.000E+00  0.000E+00  0.000E+00  0.000E+00  0.000E+00  0.000E+00  0.000E+00
  193.2500  0.000E+00  0.000E+00  0.000E+00  0.000E+00  0.000E+00  0.000E+00  0.000E+00  0.000E+00  0.000E+00  0.000E+00  0.000E+00  0.000E+00  0.000E+00  0.000E+00  0.000E+00  0.000E+00  0.000E+00  0.000E+00  0.000E+00
  195.1500  0.000E+00  0.000E+00  0.000E+00  0.000E+00  0.000E+00  0.000E+00  0.000E+00  0.000E+00  0.000E+00  0.000E+00  0.000E+00  0.000E+00  0.000E+00  0.000E+00  0.000E+00  0.000E+00  0.000E+00  0.000E+00  0.000E+00
  197.0500  0.000E+00  0.000E+00  0.000E+00  0.000E+00  0.000E+00  0.000E+00  0.000E+00  0.000E+00  0.000E+00  0.000E+00  0.000E+00  0.000E+00  0.000E+00  0.000E+00  0.000E+00  0.000E+00  0.000E+00  0.000E+00  0.000E+00
  199.0000  0.000E+00  0.000E+00  0.000E+00  0.000E+00  0.000E+00  0.000E+00  0.000E+00  0.000E+00  0.000E+00  0.000E+00  0.000E+00  0.000E+00  0.000E+00  0.000E+00  0.000E+00  0.000E+00  0.000E+00  0.000E+00  0.000E+00
  201.0000  0.000E+00  0.000E+00  0.000E+00  0.000E+00  0.000E+00  0.000E+00  0.000E+00  0.000E+00  0.000E+00  0.000E+00  0.000E+00  0.000E+00  0.000E+00  0.000E+00  0.000E+00  0.000E+00  0.000E+00  0.000E+00  0.000E+00
  203.0500  0.000E+00  0.000E+00  0.000E+00  0.000E+00  0.000E+00  0.000E+00  0.000E+00  0.000E+00  0.000E+00  0.000E+00  0.000E+00  0.000E+00  0.000E+00  0.000E+00  0.000E+00  0.000E+00  0.000E+00  0.000E+00  0.000E+00
  204.9500  0.000E+00  0.000E+00  0.000E+00  0.000E+00  0.000E+00  0.000E+00  0.000E+00  0.000E+00  0.000E+00  0.000E+00  0.000E+00  0.000E+00  0.000E+00  0.000E+00  0.000E+00  0.000E+00  0.000E+00  0.000E+00  0.000E+00
  207.0665  0.000E+00  0.000E+00  0.000E+00  0.000E+00  0.000E+00  0.000E+00  0.000E+00  0.000E+00  0.000E+00  0.000E+00  0.000E+00  0.000E+00  0.000E+00  0.000E+00  0.000E+00  0.000E+00  0.000E+00  0.000E+00  0.000E+00
  209.4295  0.000E+00  0.000E+00  0.000E+00  0.000E+00  0.000E+00  0.000E+00  0.000E+00  0.000E+00  0.000E+00  0.000E+00  0.000E+00  0.000E+00  0.000E+00  0.000E+00  0.000E+00  0.000E+00  0.000E+00  0.000E+00  0.000E+00
  211.6460  0.000E+00  0.000E+00  0.000E+00  0.000E+00  0.000E+00  0.000E+00  0.000E+00  0.000E+00  0.000E+00  0.000E+00  0.000E+00  0.000E+00  0.000E+00  0.000E+00  0.000E+00  0.000E+00  0.000E+00  0.000E+00  0.000E+00
  213.9100  0.000E+00  0.000E+00  0.000E+00  0.000E+00  0.000E+00  0.000E+00  0.000E+00  0.000E+00  0.000E+00  0.000E+00  0.000E+00  0.000E+00  0.000E+00  0.000E+00  0.000E+00  0.000E+00  0.000E+00  0.000E+00  0.000E+00
  216.2225  0.000E+00  0.000E+00  0.000E+00  0.000E+00  0.000E+00  0.000E+00  0.000E+00  0.000E+00  0.000E+00  0.000E+00  0.000E+00  0.000E+00  0.000E+00  0.000E+00  0.000E+00  0.000E+00  0.000E+00  0.000E+00  0.000E+00
  218.5855  0.000E+00  0.000E+00  0.000E+00  0.000E+00  0.000E+00  0.000E+00  0.000E+00  0.000E+00  0.000E+00  0.000E+00  0.000E+00  0.000E+00  0.000E+00  0.000E+00  0.000E+00  0.000E+00  0.000E+00  0.000E+00  0.000E+00
  221.0010  0.000E+00  0.000E+00  0.000E+00  0.000E+00  0.000E+00  0.000E+00  0.000E+00  0.000E+00  0.000E+00  0.000E+00  0.000E+00  0.000E+00  0.000E+00  0.000E+00  0.000E+00  0.000E+00  0.000E+00  0.000E+00  0.000E+00
  223.4705  0.000E+00  0.000E+00  0.000E+00  0.000E+00  0.000E+00  0.000E+00  0.000E+00  0.000E+00  0.000E+00  0.000E+00  0.000E+00  0.000E+00  0.000E+00  0.000E+00  0.000E+00  0.000E+00  0.000E+00  0.000E+00  0.000E+00
  225.9960  0.000E+00  0.000E+00  0.000E+00  0.000E+00  0.000E+00  0.000E+00  0.000E+00  0.000E+00  0.000E+00  0.000E+00  0.000E+00  0.000E+00  0.000E+00  0.000E+00  0.000E+00  0.000E+00  0.000E+00  0.000E+00  0.000E+00
  228.5790  0.000E+00  0.000E+00  0.000E+00  0.000E+00  0.000E+00  0.000E+00  0.000E+00  0.000E+00  0.000E+00  0.000E+00  0.000E+00  0.000E+00  0.000E+00  0.000E+00  0.000E+00  0.000E+00  0.000E+00  0.000E+00  0.000E+00
  231.2215  0.000E+00  0.000E+00  0.000E+00  0.000E+00  0.000E+00  0.000E+00  0.000E+00  0.000E+00  0.000E+00  0.000E+00  0.000E+00  0.000E+00  0.000E+00  0.000E+00  0.000E+00  0.000E+00  0.000E+00  0.000E+00  0.000E+00
  233.9260  0.000E+00  0.000E+00  0.000E+00  0.000E+00  0.000E+00  0.000E+00  0.000E+00  0.000E+00  0.000E+00  0.000E+00  0.000E+00  0.000E+00  0.000E+00  0.000E+00  0.000E+00  0.000E+00  0.000E+00  0.000E+00  0.000E+00
  236.6945  0.000E+00  0.000E+00  0.000E+00  0.000E+00  0.000E+00  0.000E+00  0.000E+00  0.000E+00  0.000E+00  0.000E+00  0.000E+00  0.000E+00  0.000E+00  0.000E+00  0.000E+00  0.000E+00  0.000E+00  0.000E+00  0.000E+00
  239.5295  0.000E+00  0.000E+00  0.000E+00  0.000E+00  0.000E+00  0.000E+00  0.000E+00  0.000E+00  0.000E+00  0.000E+00  0.000E+00  0.000E+00  0.000E+00  0.000E+00  0.000E+00  0.000E+00  0.000E+00  0.000E+00  0.000E+00
  242.4330  0.000E+00  0.000E+00  0.000E+00  0.000E+00  0.000E+00  0.000E+00  0.000E+00  0.000E+00  0.000E+00  0.000E+00  0.000E+00  0.000E+00  0.000E+00  0.000E+00  0.000E+00  0.000E+00  0.000E+00  0.000E+00  0.000E+00
  245.4080  0.000E+00  0.000E+00  0.000E+00  0.000E+00  0.000E+00  0.000E+00  0.000E+00  0.000E+00  0.000E+00  0.000E+00  0.000E+00  0.000E+00  0.000E+00  0.000E+00  0.000E+00  0.000E+00  0.000E+00  0.000E+00  0.000E+00
  248.4570  0.000E+00  0.000E+00  0.000E+00  0.000E+00  0.000E+00  0.000E+00  0.000E+00  0.000E+00  0.000E+00  0.000E+00  0.000E+00  0.000E+00  0.000E+00  0.000E+00  0.000E+00  0.000E+00  0.000E+00  0.000E+00  0.000E+00
  251.5825  0.000E+00  0.000E+00  0.000E+00  0.000E+00  0.000E+00  0.000E+00  0.000E+00  0.000E+00  0.000E+00  0.000E+00  0.000E+00  0.000E+00  0.000E+00  0.000E+00  0.000E+00  0.000E+00  0.000E+00  0.000E+00  0.000E+00
  254.7875  0.000E+00  0.000E+00  0.000E+00  0.000E+00  0.000E+00  0.000E+00  0.000E+00  0.000E+00  0.000E+00  0.000E+00  0.000E+00  0.000E+00  0.000E+00  0.000E+00  0.000E+00  0.000E+00  0.000E+00  0.000E+00  0.000E+00
  258.0750  0.000E+00  0.000E+00  0.000E+00  0.000E+00  0.000E+00  0.000E+00  0.000E+00  0.000E+00  0.000E+00  0.000E+00  0.000E+00  0.000E+00  0.000E+00  0.000E+00  0.000E+00  0.000E+00  0.000E+00  0.000E+00  0.000E+00
  261.4490  0.000E+00  0.000E+00  0.000E+00  0.000E+00  0.000E+00  0.000E+00  0.000E+00  0.000E+00  0.000E+00  0.000E+00  0.000E+00  0.000E+00  0.000E+00  0.000E+00  0.000E+00  0.000E+00  0.000E+00  0.000E+00  0.000E+00
  264.9125  0.000E+00  0.000E+00  0.000E+00  0.000E+00  0.000E+00  0.000E+00  0.000E+00  0.000E+00  0.000E+00  0.000E+00  0.000E+00  0.000E+00  0.000E+00  0.000E+00  0.000E+00  0.000E+00  0.000E+00  0.000E+00  0.000E+00
  268.4685  0.000E+00  0.000E+00  0.000E+00  0.000E+00  0.000E+00  0.000E+00  0.000E+00  0.000E+00  0.000E+00  0.000E+00  0.000E+00  0.000E+00  0.000E+00  0.000E+00  0.000E+00  0.000E+00  0.000E+00  0.000E+00  0.000E+00
  272.1215  0.000E+00  0.000E+00  0.000E+00  0.000E+00  0.000E+00  0.000E+00  0.000E+00  0.000E+00  0.000E+00  0.000E+00  0.000E+00  0.000E+00  0.000E+00  0.000E+00  0.000E+00  0.000E+00  0.000E+00  0.000E+00  0.000E+00
  275.8755  0.000E+00  0.000E+00  0.000E+00  0.000E+00  0.000E+00  0.000E+00  0.000E+00  0.000E+00  0.000E+00  0.000E+00  0.000E+00  0.000E+00  0.000E+00  0.000E+00  0.000E+00  0.000E+00  0.000E+00  0.000E+00  0.000E+00
  279.7340  0.000E+00  0.000E+00  0.000E+00  0.000E+00  0.000E+00  0.000E+00  0.000E+00  0.000E+00  0.000E+00  0.000E+00  0.000E+00  0.000E+00  0.000E+00  0.000E+00  0.000E+00  0.000E+00  0.000E+00  0.000E+00  0.000E+00
  283.7020  0.000E+00  0.000E+00  0.000E+00  0.000E+00  0.000E+00  0.000E+00  0.000E+00  0.000E+00  0.000E+00  0.000E+00  0.000E+00  0.000E+00  0.000E+00  0.000E+00  0.000E+00  0.000E+00  0.000E+00  0.000E+00  0.000E+00
  287.7845  0.000E+00  0.000E+00  0.000E+00  0.000E+00  0.000E+00  0.000E+00  0.000E+00  0.000E+00  0.000E+00  0.000E+00  0.000E+00  0.000E+00  0.000E+00  0.000E+00  0.000E+00  0.000E+00  0.000E+00  0.000E+00  0.000E+00
  291.9865  1.036E+10  9.986E+09  8.923E+09  7.360E+09  5.566E+09  3.816E+09  2.336E+09  1.244E+09  5.657E+08  2.123E+08  6.374E+07  1.646E+07  5.155E+06  2.623E+06  1.685E+06  1.133E+06  7.562E+05  4.616E+05  1.878E+05
  296.3090  4.679E+11  4.573E+11  4.268E+11  3.794E+11  3.197E+11  2.537E+11  1.879E+11  1.276E+11  7.856E+10  4.281E+10  1.987E+10  7.642E+09  2.458E+09  7.918E+08  3.565E+08  2.108E+08  1.307E+08  7.483E+07  2.914E+07
  300.5000  3.970E+12  3.913E+12  3.745E+12  3.476E+12  3.119E+12  2.694E+12  2.227E+12  1.742E+12  1.280E+12  8.697E+11  5.312E+11  2.834E+11  1.271E+11  4.666E+10  1.517E+10  5.920E+09  3.070E+09  1.588E+09  5.691E+08
  303.0000  1.339E+13  1.325E+13  1.281E+13  1.210E+13  1.113E+13  9.945E+12  8.590E+12  7.130E+12  5.611E+12  4.171E+12  2.853E+12  1.755E+12  9.369E+11  4.148E+11  1.482E+11  4.763E+10  1.894E+10  8.776E+09  2.899E+09
  304.0000  1.546E+13  1.531E+13  1.484E+13  1.407E+13  1.302E+13  1.173E+13  1.024E+13  8.585E+12  6.902E+12  5.242E+12  3.686E+12  2.348E+12  1.309E+12  6.107E+11  2.288E+11  7.279E+10  2.652E+10  1.171E+10  3.758E+09
  305.0000  2.259E+13  2.238E+13  2.176E+13  2.075E+13  1.935E+13  1.762E+13  1.559E+13  1.335E+13  1.092E+13  8.519E+12  6.202E+12  4.129E+12  2.436E+12  1.219E+12  4.917E+11  1.598E+11  5.218E+10  2.104E+10  6.438E+09
  306.0000  2.221E+13  2.202E+13  2.145E+13  2.052E+13  1.923E+13  1.762E+13  1.573E+13  1.359E+13  1.130E+13  8.973E+12  6.681E+12  4.578E+12  2.802E+12  1.469E+12  6.247E+11  2.096E+11  6.464E+10  2.411E+10  7.097E+09
  307.0000  2.993E+13  2.969E+13  2.899E+13  2.783E+13  2.622E+13  2.420E+13  2.180E+13  1.903E+13  1.608E+13  1.301E+13  9.918E+12  7.006E+12  4.461E+12  2.459E+12  1.112E+12  3.924E+11  1.165E+11  3.916E+10  1.093E+10
  308.0000  3.659E+13  3.632E+13  3.553E+13  3.422E+13  3.240E+13  3.009E+13  2.733E+13  2.413E+13  2.065E+13  1.700E+13  1.325E+13  9.623E+12  6.354E+12  3.673E+12  1.762E+12  6.606E+11  1.952E+11  5.899E+10  1.543E+10
  309.0000  3.893E+13  3.866E+13  3.786E+13  3.653E+13  3.468E+13  3.233E+13  2.951E+13  2.619E+13  2.261E+13  1.879E+13  1.483E+13  1.094E+13  7.375E+12  4.378E+12  2.174E+12  8.449E+11  2.524E+11  7.172E+10  1.794E+10
  310.0000  3.992E+13  3.967E+13  3.893E+13  3.769E+13  3.596E+13  3.374E+13  3.106E+13  2.788E+13  2.440E+13  2.063E+13  1.665E+13  1.265E+13  8.850E+12  5.524E+12  2.930E+12  1.235E+12  3.881E+11  9.999E+10  2.241E+10
  311.0000  6.846E+13  6.805E+13  6.683E+13  6.479E+13  6.195E+13  5.829E+13  5.386E+13  4.858E+13  4.276E+13  3.643E+13  2.967E+13  2.282E+13  1.622E+13  1.034E+13  5.635E+12  2.459E+12  7.953E+11  1.989E+11  4.223E+10
  312.0000  6.266E+13  6.231E+13  6.126E+13  5.951E+13  5.706E+13  5.391E+13  5.006E+13  4.543E+13  4.033E+13  3.472E+13  2.866E+13  2.241E+13  1.629E+13  1.069E+13  6.065E+12  2.786E+12  9.517E+11  2.326E+11  4.505E+10
  313.0000  7.176E+13  7.139E+13  7.027E+13  6.840E+13  6.576E+13  6.236E+13  5.820E+13  5.318E+13  4.757E+13  4.136E+13  3.457E+13  2.749E+13  2.042E+13  1.380E+13  8.140E+12  3.946E+12  1.435E+12  3.530E+11  6.193E+10
  314.0000  7.926E+13  7.886E+13  7.767E+13  7.566E+13  7.284E+13  6.918E+13  6.469E+13  5.926E+13  5.320E+13  4.645E+13  3.904E+13  3.125E+13  2.342E+13  1.600E+13  9.586E+12  4.744E+12  1.767E+12  4.380E+11  7.382E+10
  316.0000  8.413E+13  8.376E+13  8.262E+13  8.072E+13  7.802E+13  7.452E+13  7.019E+13  6.490E+13  5.893E+13  5.220E+13  4.470E+13  3.665E+13  2.834E+13  2.020E+13  1.281E+13  6.867E+12  2.854E+12  7.704E+11  1.131E+11
  320.0000  1.125E+14  1.121E+14  1.107E+14  1.085E+14  1.054E+14  1.013E+14  9.619E+13  8.990E+13  8.267E+13  7.443E+13  6.506E+13  5.477E+13  4.383E+13  3.269E+13  2.207E+13  1.290E+13  6.084E+12  1.935E+12  2.684E+11
  325.0000  1.490E+14  1.485E+14  1.470E+14  1.445E+14  1.409E+14  1.361E+14  1.301E+14  1.226E+14  1.140E+14  1.040E+14  9.242E+13  7.949E+13  6.540E+13  5.058E+13  3.585E+13  2.243E+13  1.173E+13  4.432E+12  6.975E+11
  330.0000  1.892E+14  1.886E+14  1.869E+14  1.839E+14  1.797E+14  1.741E+14  1.671E+14  1.583E+14  1.479E+14  1.359E+14  1.219E+14  1.060E+14  8.848E+13  6.969E+13  5.055E+13  3.261E+13  1.782E+13  7.314E+12  1.311E+12
  335.0000  1.833E+14  1.827E+14  1.812E+14  1.785E+14  1.747E+14  1.696E+14  1.632E+14  1.551E+14  1.456E+14  1.345E+14  1.214E+14  1.064E+14  8.973E+13  7.156E+13  5.273E+13  3.467E+13  1.942E+13  8.388E+12  1.669E+12
  340.0000  2.017E+14  2.012E+14  1.996E+14  1.968E+14  1.928E+14  1.875E+14  1.807E+14  1.722E+14  1.621E+14  1.502E+14  1.362E+14  1.201E+14  1.018E+14  8.185E+13  6.084E+13  4.035E+13  2.279E+13  1.002E+13  2.088E+12
  345.0000  2.011E+14  2.006E+14  1.990E+14  1.964E+14  1.925E+14  1.875E+14  1.810E+14  1.728E+14  1.630E+14  1.515E+14  1.379E+14  1.220E+14  1.041E+14  8.414E+13  6.295E+13  4.198E+13  2.377E+13  1.050E+13  2.236E+12
  350.0000  2.123E+14  2.118E+14  2.102E+14  2.075E+14  2.036E+14  1.984E+14  1.918E+14  1.834E+14  1.734E+14  1.615E+14  1.473E+14  1.309E+14  1.120E+14  9.097E+13  6.836E+13  4.572E+13  2.580E+13  1.132E+13  2.399E+12
  355.0000  2.266E+14  2.261E+14  2.245E+14  2.217E+14  2.177E+14  2.124E+14  2.055E+14  1.968E+14  1.865E+14  1.741E+14  1.593E+14  1.419E+14  1.220E+14  9.957E+13  7.522E+13  5.052E+13  2.850E+13  1.245E+13  2.651E+12
  360.0000  2.091E+14  2.086E+14  2.072E+14  2.047E+14  2.012E+14  1.964E+14  1.903E+14  1.826E+14  1.732E+14  1.621E+14  1.487E+14  1.329E+14  1.147E+14  9.403E+13  7.139E+13  4.814E+13  2.713E+13  1.179E+13  2.506E+12
  365.0000  2.683E+14  2.677E+14  2.659E+14  2.629E+14  2.585E+14  2.526E+14  2.450E+14  2.353E+14  2.237E+14  2.097E+14  1.928E+14  1.729E+14  1.498E+14  1.233E+14  9.410E+13  6.373E+13  3.590E+13  1.549E+13  3.287E+12
  370.0000  2.813E+14  2.808E+14  2.790E+14  2.759E+14  2.715E+14  2.655E+14  2.578E+14  2.479E+14  2.360E+14  2.217E+14  2.043E+14  1.838E+14  1.597E+14  1.321E+14  1.013E+14  6.890E+13  3.881E+13  1.663E+13  3.516E+12
  375.0000  2.563E+14  2.558E+14  2.542E+14  2.516E+14  2.477E+14  2.424E+14  2.356E+14  2.268E+14  2.162E+14  2.035E+14  1.880E+14  1.695E+14  1.479E+14  1.228E+14  9.463E+13  6.466E+13  3.644E+13  1.550E+13  3.264E+12
  380.0000  2.972E+14  2.966E+14  2.949E+14  2.919E+14  2.875E+14  2.816E+14  2.739E+14  2.640E+14  2.521E+14  2.376E+14  2.200E+14  1.989E+14  1.741E+14  1.452E+14  1.124E+14  7.718E+13  4.354E+13  1.839E+13  3.856E+12
  385.0000  2.259E+14  2.255E+14  2.242E+14  2.220E+14  2.188E+14  2.145E+14  2.088E+14  2.015E+14  1.926E+14  1.819E+14  1.687E+14  1.530E+14  1.343E+14  1.124E+14  8.747E+13  6.036E+13  3.411E+13  1.430E+13  2.986E+12
  390.0000  2.975E+14  2.970E+14  2.953E+14  2.925E+14  2.884E+14  2.829E+14  2.756E+14  2.663E+14  2.549E+14  2.410E+14  2.240E+14  2.036E+14  1.793E+14  1.507E+14  1.178E+14  8.171E+13  4.627E+13  1.926E+13  4.005E+12
  395.0000  2.327E+14  2.323E+14  2.310E+14  2.289E+14  2.258E+14  2.216E+14  2.161E+14  2.090E+14  2.003E+14  1.897E+14  1.766E+14  1.609E+14  1.421E+14  1.199E+14  9.416E+13  6.565E+13  3.727E+13  1.540E+13  3.191E+12
  400.0000  4.355E+14  4.348E+14  4.325E+14  4.287E+14  4.230E+14  4.154E+14  4.054E+14  3.924E+14  3.765E+14  3.571E+14  3.331E+14  3.041E+14  2.693E+14  2.280E+14  1.800E+14  1.261E+14  7.183E+13  2.949E+13  6.082E+12
  405.0000  4.476E+14  4.469E+14  4.446E+14  4.408E+14  4.352E+14  4.276E+14  4.176E+14  4.045E+14  3.886E+14  3.690E+14  3.448E+14  3.155E+14  2.802E+14  2.381E+14  1.887E+14  1.330E+14  7.598E+13  3.100E+13  6.366E+12
  410.0000  4.652E+14  4.645E+14  4.623E+14  4.584E+14  4.528E+14  4.450E+14  4.349E+14  4.217E+14  4.055E+14  3.856E+14  3.609E+14  3.309E+14  2.946E+14  2.512E+14  2.000E+14  1.416E+14  8.124E+13  3.294E+13  6.732E+12
  415.0000  4.886E+14  4.878E+14  4.856E+14  4.816E+14  4.759E+14  4.680E+14  4.576E+14  4.441E+14  4.274E+14  4.069E+14  3.815E+14  3.504E+14  3.128E+14  2.676E+14  2.139E+14  1.523E+14  8.774E+13  3.538E+13  7.199E+12
  420.0000  4.970E+14  4.963E+14  4.940E+14  4.901E+14  4.845E+14  4.766E+14  4.664E+14  4.529E+14  4.363E+14  4.159E+14  3.905E+14  3.593E+14  3.215E+14  2.759E+14  2.215E+14  1.586E+14  9.172E+13  3.679E+13  7.449E+12
  425.0000  4.781E+14  4.774E+14  4.753E+14  4.717E+14  4.664E+14  4.591E+14  4.494E+14  4.368E+14  4.212E+14  4.019E+14  3.778E+14  3.483E+14  3.124E+14  2.689E+14  2.167E+14  1.559E+14  9.058E+13  3.614E+13  7.274E+12
  430.0000  4.445E+14  4.439E+14  4.420E+14  4.387E+14  4.339E+14  4.273E+14  4.185E+14  4.070E+14  3.928E+14  3.752E+14  3.532E+14  3.262E+14  2.932E+14  2.531E+14  2.048E+14  1.481E+14  8.647E+13  3.435E+13  6.882E+12
  435.0000  5.199E+14  5.192E+14  5.170E+14  5.133E+14  5.078E+14  5.003E+14  4.903E+14  4.772E+14  4.609E+14  4.407E+14  4.154E+14  3.842E+14  3.461E+14  2.996E+14  2.434E+14  1.768E+14  1.037E+14  4.104E+13  8.175E+12
  440.0000  5.388E+14  5.381E+14  5.359E+14  5.322E+14  5.267E+14  5.190E+14  5.089E+14  4.956E+14  4.790E+14  4.584E+14  4.326E+14  4.008E+14  3.617E+14  3.140E+14  2.559E+14  1.868E+14  1.101E+14  4.337E+13  8.570E+12
  445.0000  5.830E+14  5.823E+14  5.800E+14  5.761E+14  5.702E+14  5.622E+14  5.514E+14  5.373E+14  5.197E+14  4.979E+14  4.704E+14  4.364E+14  3.947E+14  3.434E+14  2.809E+14  2.060E+14  1.220E+14  4.790E+13  9.400E+12
  450.0000  6.247E+14  6.240E+14  6.216E+14  6.175E+14  6.114E+14  6.029E+14  5.917E+14  5.769E+14  5.584E+14  5.353E+14  5.063E+14  4.705E+14  4.263E+14  3.719E+14  3.052E+14  2.249E+14  1.339E+14  5.241E+13  1.022E+13
  455.0000  6.159E+14  6.152E+14  6.129E+14  6.090E+14  6.031E+14  5.949E+14  5.841E+14  5.697E+14  5.518E+14  5.295E+14  5.014E+14  4.665E+14  4.234E+14  3.702E+14  3.049E+14  2.256E+14  1.350E+14  5.271E+13  1.020E+13
  460.0000  6.382E+14  6.375E+14  6.351E+14  6.311E+14  6.252E+14  6.169E+14  6.058E+14  5.912E+14  5.730E+14  5.502E+14  5.214E+14  4.857E+14  4.414E+14  3.868E+14  3.194E+14  2.372E+14  1.425E+14  5.534E+13  1.054E+13
  465.0000  6.357E+14  6.350E+14  6.327E+14  6.288E+14  6.230E+14  6.149E+14  6.042E+14  5.899E+14  5.720E+14  5.497E+14  5.215E+14  4.863E+14  4.428E+14  3.889E+14  3.221E+14  2.403E+14  1.451E+14  5.631E+13  1.067E+13
  470.0000  6.369E+14  6.361E+14  6.340E+14  6.301E+14  6.244E+14  6.165E+14  6.059E+14  5.919E+14  5.743E+14  5.522E+14  5.243E+14  4.896E+14  4.465E+14  3.929E+14  3.264E+14  2.445E+14  1.484E+14  5.750E+13  1.080E+13
  475.0000  6.489E+14  6.482E+14  6.460E+14  6.422E+14  6.365E+14  6.286E+14  6.180E+14  6.040E+14  5.863E+14  5.642E+14  5.361E+14  5.011E+14  4.577E+14  4.036E+14  3.362E+14  2.528E+14  1.541E+14  5.961E+13  1.108E+13
  480.0000  6.716E+14  6.709E+14  6.687E+14  6.648E+14  6.590E+14  6.509E+14  6.401E+14  6.257E+14  6.076E+14  5.849E+14  5.562E+14  5.203E+14  4.756E+14  4.199E+14  3.504E+14  2.641E+14  1.614E+14  6.201E+13  1.123E+13
  485.0000  6.144E+14  6.137E+14  6.117E+14  6.083E+14  6.030E+14  5.958E+14  5.861E+14  5.731E+14  5.568E+14  5.363E+14  5.104E+14  4.779E+14  4.374E+14  3.869E+14  3.237E+14  2.448E+14  1.503E+14  5.769E+13  1.033E+13
  490.0000  6.446E+14  6.439E+14  6.419E+14  6.383E+14  6.329E+14  6.255E+14  6.154E+14  6.021E+14  5.852E+14  5.641E+14  5.372E+14  5.036E+14  4.616E+14  4.091E+14  3.432E+14  2.606E+14  1.609E+14  6.181E+13  1.100E+13
  495.0000  6.611E+14  6.605E+14  6.584E+14  6.548E+14  6.494E+14  6.419E+14  6.317E+14  6.182E+14  6.012E+14  5.798E+14  5.525E+14  5.184E+14  4.757E+14  4.223E+14  3.550E+14  2.705E+14  1.677E+14  6.437E+13  1.130E+13
  500.0000  6.342E+14  6.336E+14  6.317E+14  6.283E+14  6.232E+14  6.160E+14  6.064E+14  5.935E+14  5.773E+14  5.569E+14  5.310E+14  4.984E+14  4.577E+14  4.067E+14  3.424E+14  2.613E+14  1.623E+14  6.195E+13  1.057E+13
  505.0000  6.479E+14  6.472E+14  6.453E+14  6.418E+14  6.366E+14  6.293E+14  6.196E+14  6.065E+14  5.901E+14  5.693E+14  5.429E+14  5.099E+14  4.684E+14  4.165E+14  3.509E+14  2.681E+14  1.666E+14  6.306E+13  1.038E+13
  510.0000  6.472E+14  6.465E+14  6.446E+14  6.412E+14  6.361E+14  6.290E+14  6.194E+14  6.065E+14  5.903E+14  5.699E+14  5.439E+14  5.112E+14  4.703E+14  4.188E+14  3.538E+14  2.713E+14  1.694E+14  6.433E+13  1.053E+13
  515.0000  6.041E+14  6.035E+14  6.017E+14  5.986E+14  5.939E+14  5.874E+14  5.785E+14  5.667E+14  5.517E+14  5.329E+14  5.088E+14  4.787E+14  4.408E+14  3.931E+14  3.327E+14  2.559E+14  1.605E+14  6.098E+13  9.853E+12
  520.0000  6.250E+14  6.244E+14  6.226E+14  6.194E+14  6.146E+14  6.078E+14  5.988E+14  5.867E+14  5.714E+14  5.520E+14  5.274E+14  4.964E+14  4.574E+14  4.084E+14  3.462E+14  2.668E+14  1.679E+14  6.367E+13  1.008E+13
  525.0000  6.305E+14  6.299E+14  6.280E+14  6.248E+14  6.200E+14  6.133E+14  6.042E+14  5.920E+14  5.767E+14  5.572E+14  5.324E+14  5.013E+14  4.622E+14  4.128E+14  3.502E+14  2.702E+14  1.701E+14  6.412E+13  9.816E+12
  530.0000  6.673E+14  6.666E+14  6.647E+14  6.613E+14  6.562E+14  6.491E+14  6.395E+14  6.266E+14  6.104E+14  5.898E+14  5.636E+14  5.307E+14  4.893E+14  4.372E+14  3.709E+14  2.861E+14  1.799E+14  6.724E+13  9.860E+12
  535.0000  6.505E+14  6.499E+14  6.481E+14  6.448E+14  6.399E+14  6.330E+14  6.237E+14  6.113E+14  5.955E+14  5.756E+14  5.502E+14  5.183E+14  4.782E+14  4.276E+14  3.632E+14  2.806E+14  1.769E+14  6.597E+13  9.451E+12
  540.0000  6.555E+14  6.549E+14  6.530E+14  6.498E+14  6.449E+14  6.380E+14  6.288E+14  6.164E+14  6.007E+14  5.808E+14  5.555E+14  5.236E+14  4.835E+14  4.328E+14  3.682E+14  2.853E+14  1.805E+14  6.745E+13  9.539E+12
  545.0000  6.690E+14  6.684E+14  6.665E+14  6.632E+14  6.583E+14  6.513E+14  6.419E+14  6.293E+14  6.134E+14  5.932E+14  5.675E+14  5.351E+14  4.943E+14  4.428E+14  3.770E+14  2.925E+14  1.854E+14  6.910E+13  9.521E+12
  550.0000  6.751E+14  6.745E+14  6.726E+14  6.693E+14  6.643E+14  6.574E+14  6.480E+14  6.353E+14  6.194E+14  5.992E+14  5.733E+14  5.408E+14  4.999E+14  4.481E+14  3.820E+14  2.969E+14  1.886E+14  7.024E+13  9.474E+12
  555.0000  6.738E+14  6.731E+14  6.713E+14  6.680E+14  6.631E+14  6.562E+14  6.469E+14  6.344E+14  6.186E+14  5.986E+14  5.731E+14  5.408E+14  5.003E+14  4.489E+14  3.832E+14  2.984E+14  1.901E+14  7.082E+13  9.323E+12
  560.0000  6.600E+14  6.594E+14  6.576E+14  6.544E+14  6.496E+14  6.428E+14  6.337E+14  6.215E+14  6.061E+14  5.865E+14  5.614E+14  5.299E+14  4.902E+14  4.399E+14  3.756E+14  2.925E+14  1.863E+14  6.899E+13  8.752E+12
  565.0000  6.642E+14  6.636E+14  6.618E+14  6.585E+14  6.537E+14  6.469E+14  6.377E+14  6.254E+14  6.098E+14  5.901E+14  5.649E+14  5.332E+14  4.932E+14  4.426E+14  3.779E+14  2.943E+14  1.872E+14  6.889E+13  8.406E+12
  570.0000  6.640E+14  6.634E+14  6.616E+14  6.584E+14  6.536E+14  6.468E+14  6.376E+14  6.253E+14  6.098E+14  5.902E+14  5.650E+14  5.334E+14  4.935E+14  4.431E+14  3.785E+14  2.949E+14  1.878E+14  6.889E+13  8.168E+12
  575.0000  6.795E+14  6.789E+14  6.770E+14  6.737E+14  6.688E+14  6.619E+14  6.526E+14  6.401E+14  6.244E+14  6.043E+14  5.788E+14  5.466E+14  5.060E+14  4.545E+14  3.887E+14  3.033E+14  1.936E+14  7.110E+13  8.276E+12
  580.0000  6.735E+14  6.729E+14  6.711E+14  6.679E+14  6.631E+14  6.564E+14  6.473E+14  6.351E+14  6.197E+14  6.001E+14  5.750E+14  5.435E+14  5.036E+14  4.531E+14  3.883E+14  3.041E+14  1.953E+14  7.235E+13  8.453E+12
  585.0000  6.790E+14  6.785E+14  6.767E+14  6.735E+14  6.688E+14  6.621E+14  6.531E+14  6.409E+14  6.256E+14  6.061E+14  5.811E+14  5.497E+14  5.100E+14  4.595E+14  3.947E+14  3.102E+14  2.004E+14  7.496E+13  8.802E+12
  590.0000  6.596E+14  6.591E+14  6.573E+14  6.543E+14  6.498E+14  6.433E+14  6.347E+14  6.230E+14  6.082E+14  5.894E+14  5.654E+14  5.351E+14  4.968E+14  4.481E+14  3.855E+14  3.037E+14  1.970E+14  7.403E+13  8.623E+12
  595.0000  6.764E+14  6.758E+14  6.741E+14  6.710E+14  6.663E+14  6.597E+14  6.508E+14  6.388E+14  6.237E+14  6.045E+14  5.799E+14  5.488E+14  5.096E+14  4.598E+14  3.956E+14  3.118E+14  2.023E+14  7.583E+13  8.582E+12
  600.0000  6.633E+14  6.627E+14  6.610E+14  6.579E+14  6.533E+14  6.469E+14  6.381E+14  6.263E+14  6.115E+14  5.926E+14  5.685E+14  5.380E+14  4.995E+14  4.506E+14  3.877E+14  3.054E+14  1.980E+14  7.387E+13  8.069E+12
  605.0000  6.754E+14  6.748E+14  6.730E+14  6.699E+14  6.653E+14  6.588E+14  6.499E+14  6.380E+14  6.230E+14  6.039E+14  5.795E+14  5.487E+14  5.098E+14  4.603E+14  3.965E+14  3.130E+14  2.036E+14  7.627E+13  8.247E+12
  610.0000  6.723E+14  6.717E+14  6.700E+14  6.670E+14  6.625E+14  6.561E+14  6.475E+14  6.358E+14  6.211E+14  6.025E+14  5.785E+14  5.483E+14  5.101E+14  4.614E+14  3.986E+14  3.161E+14  2.072E+14  7.874E+13  8.664E+12
  615.0000  6.618E+14  6.613E+14  6.596E+14  6.567E+14  6.524E+14  6.462E+14  6.379E+14  6.267E+14  6.125E+14  5.945E+14  5.713E+14  5.420E+14  5.050E+14  4.577E+14  3.966E+14  3.160E+14  2.089E+14  8.062E+13  9.063E+12
  620.0000  6.767E+14  6.762E+14  6.745E+14  6.717E+14  6.673E+14  6.611E+14  6.528E+14  6.415E+14  6.272E+14  6.090E+14  5.857E+14  5.562E+14  5.188E+14  4.711E+14  4.093E+14  3.274E+14  2.181E+14  8.527E+13  9.731E+12
  625.0000  6.672E+14  6.667E+14  6.651E+14  6.623E+14  6.581E+14  6.521E+14  6.440E+14  6.331E+14  6.192E+14  6.015E+14  5.788E+14  5.501E+14  5.137E+14  4.671E+14  4.067E+14  3.266E+14  2.188E+14  8.653E+13  9.968E+12
  630.0000  6.732E+14  6.727E+14  6.711E+14  6.683E+14  6.642E+14  6.583E+14  6.502E+14  6.394E+14  6.256E+14  6.080E+14  5.854E+14  5.568E+14  5.205E+14  4.741E+14  4.137E+14  3.334E+14  2.249E+14  8.998E+13  1.048E+13
  635.0000  6.737E+14  6.732E+14  6.716E+14  6.689E+14  6.648E+14  6.590E+14  6.511E+14  6.404E+14  6.268E+14  6.095E+14  5.872E+14  5.590E+14  5.232E+14  4.773E+14  4.175E+14  3.377E+14  2.293E+14  9.292E+13  1.097E+13
  640.0000  6.710E+14  6.706E+14  6.691E+14  6.664E+14  6.624E+14  6.567E+14  6.490E+14  6.385E+14  6.252E+14  6.082E+14  5.863E+14  5.586E+14  5.234E+14  4.783E+14  4.194E+14  3.405E+14  2.328E+14  9.555E+13  1.143E+13
  644.8000  6.720E+14  6.715E+14  6.701E+14  6.674E+14  6.635E+14  6.579E+14  6.503E+14  6.400E+14  6.268E+14  6.100E+14  5.884E+14  5.611E+14  5.262E+14  4.815E+14  4.231E+14  3.448E+14  2.372E+14  9.844E+13  1.191E+13
  651.0500  6.696E+14  6.691E+14  6.677E+14  6.651E+14  6.613E+14  6.558E+14  6.483E+14  6.383E+14  6.254E+14  6.089E+14  5.877E+14  5.608E+14  5.266E+14  4.827E+14  4.252E+14  3.478E+14  2.409E+14  1.013E+14  1.235E+13
  660.0000  6.436E+14  6.432E+14  6.418E+14  6.394E+14  6.358E+14  6.307E+14  6.237E+14  6.143E+14  6.022E+14  5.867E+14  5.668E+14  5.415E+14  5.093E+14  4.679E+14  4.135E+14  3.401E+14  2.379E+14  1.018E+14  1.257E+13
  670.0000  6.701E+14  6.697E+14  6.683E+14  6.659E+14  6.623E+14  6.571E+14  6.500E+14  6.405E+14  6.282E+14  6.125E+14  5.923E+14  5.666E+14  5.338E+14  4.916E+14  4.361E+14  3.608E+14  2.550E+14  1.114E+14  1.393E+13
  680.0000  6.671E+14  6.667E+14  6.654E+14  6.631E+14  6.596E+14  6.545E+14  6.477E+14  6.384E+14  6.265E+14  6.112E+14  5.915E+14  5.665E+14  5.346E+14  4.934E+14  4.391E+14  3.652E+14  2.606E+14  1.159E+14  1.461E+13
  690.0000  6.664E+14  6.660E+14  6.647E+14  6.624E+14  6.590E+14  6.541E+14  6.474E+14  6.384E+14  6.267E+14  6.118E+14  5.925E+14  5.680E+14  5.367E+14  4.963E+14  4.430E+14  3.702E+14  2.663E+14  1.204E+14  1.520E+13
  700.0000  6.636E+14  6.632E+14  6.620E+14  6.598E+14  6.564E+14  6.517E+14  6.452E+14  6.363E+14  6.250E+14  6.104E+14  5.917E+14  5.677E+14  5.372E+14  4.977E+14  4.455E+14  3.740E+14  2.713E+14  1.245E+14  1.577E+13
  710.0000  6.563E+14  6.559E+14  6.547E+14  6.526E+14  6.494E+14  6.448E+14  6.384E+14  6.298E+14  6.188E+14  6.047E+14  5.864E+14  5.631E+14  5.334E+14  4.949E+14  4.440E+14  3.741E+14  2.732E+14  1.270E+14  1.600E+13
  720.0000  6.427E+14  6.423E+14  6.412E+14  6.391E+14  6.360E+14  6.316E+14  6.255E+14  6.172E+14  6.066E+14  5.929E+14  5.753E+14  5.528E+14  5.241E+14  4.870E+14  4.379E+14  3.702E+14  2.719E+14  1.280E+14  1.599E+13
  730.0000  6.357E+14  6.353E+14  6.342E+14  6.322E+14  6.292E+14  6.249E+14  6.189E+14  6.109E+14  6.005E+14  5.873E+14  5.701E+14  5.483E+14  5.203E+14  4.842E+14  4.362E+14  3.700E+14  2.736E+14  1.304E+14  1.620E+13
------------------------------------------------------------
Photolysis rate coefficients, s-1
   1 = O3 -> O2 + O(1D)                                  
   2 = NO2 -> NO + O(3P)                                 
   3 = HNO2 -> OH + NO                                   
   4 = HNO3 -> OH + NO2                                  
   5 = Cl2 -> Cl + Cl                                    
   6 = ClOO -> Products                                  
   7 = OClO -> Products                                  
   8 = ClOOCl -> Cl + ClOO                               
   9 = ClNO2 -> Cl + NO2                                 
  10 = Br2 -> Br + Br                                    
  11 = BrO -> Br + O                                     
  12 = HOBr -> OH + Br                                   
  13 = BrNO -> Br + NO                                   
  14 = BrONO -> Br + NO2                                 
  15 = BrONO -> BrO + NO                                 
  16 = BrNO2 -> Br + NO2                                 
  17 = BrONO2 -> BrO + NO2                               
  18 = BrONO2 -> Br + NO3                                
  19 = BrCl -> Br + Cl                                   
values at z =      0.000 km
Columns: sza, photo-reactions
 sza, deg.          1          2          3          4          5          6          7          8          9         10         11         12         13         14         15         16         17         18         19
    0.0000  4.574E-05  1.094E-02  1.771E-03  7.914E-07  2.737E-03  0.000E+00  9.639E-02  2.003E-03  5.670E-04  3.810E-02  4.336E-02  2.610E-03  2.783E-02  1.344E-02  1.344E-02  5.544E-03  2.461E-04  1.395E-03  1.260E-02
    5.0000  4.535E-05  1.092E-02  1.766E-03  7.865E-07  2.729E-03  0.000E+00  9.618E-02  1.997E-03  5.651E-04  3.805E-02  4.323E-02  2.605E-03  2.779E-02  1.340E-02  1.340E-02  5.533E-03  2.455E-04  1.391E-03  1.258E-02
   10.0000  4.419E-05  1.085E-02  1.754E-03  7.720E-07  2.707E-03  0.000E+00  9.553E-02  1.977E-03  5.594E-04  3.790E-02  4.284E-02  2.587E-03  2.768E-02  1.327E-02  1.327E-02  5.500E-03  2.438E-04  1.381E-03  1.252E-02
   15.0000  4.229E-05  1.073E-02  1.732E-03  7.478E-07  2.670E-03  0.000E+00  9.443E-02  1.944E-03  5.499E-04  3.764E-02  4.217E-02  2.558E-03  2.749E-02  1.305E-02  1.305E-02  5.443E-03  2.407E-04  1.364E-03  1.241E-02
   20.0000  3.970E-05  1.055E-02  1.701E-03  7.144E-07  2.616E-03  0.000E+00  9.284E-02  1.897E-03  5.362E-04  3.725E-02  4.122E-02  2.515E-03  2.721E-02  1.273E-02  1.273E-02  5.361E-03  2.364E-04  1.339E-03  1.224E-02
   25.0000  3.650E-05  1.031E-02  1.659E-03  6.721E-07  2.544E-03  0.000E+00  9.071E-02  1.836E-03  5.184E-04  3.672E-02  3.996E-02  2.458E-03  2.682E-02  1.231E-02  1.231E-02  5.250E-03  2.306E-04  1.307E-03  1.203E-02
   30.0000  3.279E-05  1.000E-02  1.606E-03  6.217E-07  2.453E-03  0.000E+00  8.797E-02  1.759E-03  4.961E-04  3.602E-02  3.837E-02  2.385E-03  2.631E-02  1.179E-02  1.179E-02  5.107E-03  2.232E-04  1.265E-03  1.174E-02
   35.0000  2.863E-05  9.610E-03  1.538E-03  5.630E-07  2.339E-03  0.000E+00  8.449E-02  1.664E-03  4.685E-04  3.510E-02  3.639E-02  2.293E-03  2.564E-02  1.114E-02  1.114E-02  4.923E-03  2.139E-04  1.212E-03  1.137E-02
   40.0000  2.427E-05  9.140E-03  1.457E-03  4.991E-07  2.205E-03  0.000E+00  8.031E-02  1.554E-03  4.366E-04  3.395E-02  3.407E-02  2.182E-03  2.482E-02  1.039E-02  1.039E-02  4.702E-03  2.028E-04  1.149E-03  1.092E-02
   45.0000  1.986E-05  8.577E-03  1.361E-03  4.311E-07  2.047E-03  0.000E+00  7.532E-02  1.427E-03  4.000E-04  3.253E-02  3.137E-02  2.050E-03  2.380E-02  9.526E-03  9.526E-03  4.435E-03  1.898E-04  1.075E-03  1.036E-02
   50.0000  1.551E-05  7.899E-03  1.246E-03  3.595E-07  1.860E-03  0.000E+00  6.932E-02  1.281E-03  3.578E-04  3.074E-02  2.822E-02  1.892E-03  2.253E-02  8.524E-03  8.524E-03  4.111E-03  1.742E-04  9.873E-04  9.685E-03
   55.0000  1.146E-05  7.100E-03  1.111E-03  2.873E-07  1.646E-03  0.000E+00  6.227E-02  1.117E-03  3.107E-04  2.854E-02  2.465E-02  1.706E-03  2.098E-02  7.400E-03  7.400E-03  3.727E-03  1.562E-04  8.852E-04  8.866E-03
   60.0000  7.891E-06  6.170E-03  9.564E-04  2.175E-07  1.405E-03  0.000E+00  5.410E-02  9.373E-04  2.593E-04  2.584E-02  2.069E-02  1.491E-03  1.908E-02  6.168E-03  6.168E-03  3.274E-03  1.356E-04  7.682E-04  7.885E-03
   65.0000  4.970E-06  5.108E-03  7.823E-04  1.531E-07  1.139E-03  0.000E+00  4.479E-02  7.452E-04  2.046E-04  2.253E-02  1.643E-02  1.246E-03  1.677E-02  4.858E-03  4.858E-03  2.749E-03  1.123E-04  6.363E-04  6.723E-03
   70.0000  2.795E-06  3.927E-03  5.929E-04  9.786E-08  8.557E-04  0.000E+00  3.447E-02  5.480E-04  1.491E-04  1.851E-02  1.204E-02  9.724E-04  1.396E-02  3.529E-03  3.529E-03  2.152E-03  8.673E-05  4.915E-04  5.367E-03
   75.0000  1.368E-06  2.683E-03  3.993E-04  5.483E-08  5.728E-04  0.000E+00  2.362E-02  3.585E-04  9.657E-05  1.368E-02  7.843E-03  6.793E-04  1.057E-02  2.279E-03  2.279E-03  1.502E-03  5.985E-05  3.392E-04  3.835E-03
   80.0000  5.658E-07  1.513E-03  2.243E-04  2.565E-08  3.202E-04  0.000E+00  1.337E-02  1.966E-04  5.257E-05  8.221E-03  4.313E-03  3.915E-04  6.601E-03  1.244E-03  1.244E-03  8.585E-04  3.409E-05  1.932E-04  2.239E-03
   85.0000  1.840E-07  6.369E-04  9.610E-05  8.956E-09  1.341E-04  0.000E+00  5.592E-03  8.162E-05  2.177E-05  3.211E-03  1.815E-03  1.600E-04  2.603E-03  5.200E-04  5.200E-04  3.529E-04  1.395E-05  7.907E-05  9.043E-04
   90.0000  3.433E-08  1.322E-04  2.006E-05  1.540E-09  2.712E-05  0.000E+00  1.151E-03  1.632E-05  4.306E-06  5.919E-04  3.601E-04  3.192E-05  4.121E-04  1.025E-04  1.025E-04  7.211E-05  2.800E-06  1.587E-05  1.788E-04
------------------------------------------------------------
