Spectral actinic flux, quanta cm-2 s-1 nm-1
values at z =      5.000 km
Columns: wavelength (nm), solar zenith angles (deg.)
    wc, nm      0.000      5.000     10.000     15.000     20.000     25.000     30.000     35.000     40.000     45.000     50.000     55.000     60.000     65.000     70.000     75.000     80.000     85.000     90.000
  120.7000  0.000E+00  0.000E+00  0.000E+00  0.000E+00  0.000E+00  0.000E+00  0.000E+00  0.000E+00  0.000E+00  0.000E+00  0.000E+00  0.000E+00  0.000E+00  0.000E+00  0.000E+00  0.000E+00  0.000E+00  0.000E+00  0.000E+00
  121.6500  0.000E+00  0.000E+00  0.000E+00  0.000E+00  0.000E+00  0.000E+00  0.000E+00  0.000E+00  0.000E+00  0.000E+00  0.000E+00  0.000E+00  0.000E+00  0.000E+00  0.000E+00  0.000E+00  0.000E+00  0.000E+00  0.000E+00
  122.1000  0.000E+00  0.000E+00  0.000E+00  0.000E+00  0.000E+00  0.000E+00  0.000E+00  0.000E+00  0.000E+00  0.000E+00  0.000E+00  0.000E+00  0.000E+00  0.000E+00  0.000E+00  0.000E+00  0.000E+00  0.000E+00  0.000E+00
  122.7000  0.000E+00  0.000E+00  0.000E+00  0.000E+00  0.000E+00  0.000E+00  0.000E+00  0.000E+00  0.000E+00  0.000E+00  0.000E+00  0.000E+00  0.000E+00  0.000E+00  0.000E+00  0.000E+00  0.000E+00  0.000E+00  0.000E+00
  123.4500  0.000E+00  0.000E+00  0.000E+00  0.000E+00  0.000E+00  0.000E+00  0.000E+00  0.000E+00  0.000E+00  0.000E+00  0.000E+00  0.000E+00  0.000E+00  0.000E+00  0.000E+00  0.000E+00  0.000E+00  0.000E+00  0.000E+00
  124.2000  0.000E+00  0.000E+00  0.000E+00  0.000E+00  0.000E+00  0.000E+00  0.000E+00  0.000E+00  0.000E+00  0.000E+00  0.000E+00  0.000E+00  0.000E+00  0.000E+00  0.000E+00  0.000E+00  0.000E+00  0.000E+00  0.000E+00
  125.0000  0.000E+00  0.000E+00  0.000E+00  0.000E+00  0.000E+00  0.000E+00  0.000E+00  0.000E+00  0.000E+00  0.000E+00  0.000E+00  0.000E+00  0.000E+00  0.000E+00  0.000E+00  0.000E+00  0.000E+00  0.000E+00  0.000E+00
  125.8000  0.000E+00  0.000E+00  0.000E+00  0.000E+00  0.000E+00  0.000E+00  0.000E+00  0.000E+00  0.000E+00  0.000E+00  0.000E+00  0.000E+00  0.000E+00  0.000E+00  0.000E+00  0.000E+00  0.000E+00  0.000E+00  0.000E+00
  126.6000  0.000E+00  0.000E+00  0.000E+00  0.000E+00  0.000E+00  0.000E+00  0.000E+00  0.000E+00  0.000E+00  0.000E+00  0.000E+00  0.000E+00  0.000E+00  0.000E+00  0.000E+00  0.000E+00  0.000E+00  0.000E+00  0.000E+00
  127.8000  0.000E+00  0.000E+00  0.000E+00  0.000E+00  0.000E+00  0.000E+00  0.000E+00  0.000E+00  0.000E+00  0.000E+00  0.000E+00  0.000E+00  0.000E+00  0.000E+00  0.000E+00  0.000E+00  0.000E+00  0.000E+00  0.000E+00
  129.0000  0.000E+00  0.000E+00  0.000E+00  0.000E+00  0.000E+00  0.000E+00  0.000E+00  0.000E+00  0.000E+00  0.000E+00  0.000E+00  0.000E+00  0.000E+00  0.000E+00  0.000E+00  0.000E+00  0.000E+00  0.000E+00  0.000E+00
  129.8500  0.000E+00  0.000E+00  0.000E+00  0.000E+00  0.000E+00  0.000E+00  0.000E+00  0.000E+00  0.000E+00  0.000E+00  0.000E+00  0.000E+00  0.000E+00  0.000E+00  0.000E+00  0.000E+00  0.000E+00  0.000E+00  0.000E+00
  131.1500  0.000E+00  0.000E+00  0.000E+00  0.000E+00  0.000E+00  0.000E+00  0.000E+00  0.000E+00  0.000E+00  0.000E+00  0.000E+00  0.000E+00  0.000E+00  0.000E+00  0.000E+00  0.000E+00  0.000E+00  0.000E+00  0.000E+00
  133.5000  0.000E+00  0.000E+00  0.000E+00  0.000E+00  0.000E+00  0.000E+00  0.000E+00  0.000E+00  0.000E+00  0.000E+00  0.000E+00  0.000E+00  0.000E+00  0.000E+00  0.000E+00  0.000E+00  0.000E+00  0.000E+00  0.000E+00
  136.0000  0.000E+00  0.000E+00  0.000E+00  0.000E+00  0.000E+00  0.000E+00  0.000E+00  0.000E+00  0.000E+00  0.000E+00  0.000E+00  0.000E+00  0.000E+00  0.000E+00  0.000E+00  0.000E+00  0.000E+00  0.000E+00  0.000E+00
  141.0000  0.000E+00  0.000E+00  0.000E+00  0.000E+00  0.000E+00  0.000E+00  0.000E+00  0.000E+00  0.000E+00  0.000E+00  0.000E+00  0.000E+00  0.000E+00  0.000E+00  0.000E+00  0.000E+00  0.000E+00  0.000E+00  0.000E+00
  150.0000  0.000E+00  0.000E+00  0.000E+00  0.000E+00  0.000E+00  0.000E+00  0.000E+00  0.000E+00  0.000E+00  0.000E+00  0.000E+00  0.000E+00  0.000E+00  0.000E+00  0.000E+00  0.000E+00  0.000E+00  0.000E+00  0.000E+00
  160.0000  0.000E+00  0.000E+00  0.000E+00  0.000E+00  0.000E+00  0.000E+00  0.000E+00  0.000E+00  0.000E+00  0.000E+00  0.000E+00  0.000E+00  0.000E+00  0.000E+00  0.000E+00  0.000E+00  0.000E+00  0.000E+00  0.000E+00
  167.5000  0.000E+00  0.000E+00  0.000E+00  0.000E+00  0.000E+00  0.000E+00  0.000E+00  0.000E+00  0.000E+00  0.000E+00  0.000E+00  0.000E+00  0.000E+00  0.000E+00  0.000E+00  0.000E+00  0.000E+00  0.000E+00  0.000E+00
  172.2000  0.000E+00  0.000E+00  0.000E+00  0.000E+00  0.000E+00  0.000E+00  0.000E+00  0.000E+00  0.000E+00  0.000E+00  0.000E+00  0.000E+00  0.000E+00  0.000E+00  0.000E+00  0.000E+00  0.000E+00  0.000E+00  0.000E+00
  175.7000  0.000E+00  0.000E+00  0.000E+00  0.000E+00  0.000E+00  0.000E+00  0.000E+00  0.000E+00  0.000E+00  0.000E+00  0.000E+00  0.000E+00  0.000E+00  0.000E+00  0.000E+00  0.000E+00  0.000E+00  0.000E+00  0.000E+00
  177.8000  0.000E+00  0.000E+00  0.000E+00  0.000E+00  0.000E+00  0.000E+00  0.000E+00  0.000E+00  0.000E+00  0.000E+00  0.000E+00  0.000E+00  0.000E+00  0.000E+00  0.000E+00  0.000E+00  0.000E+00  0.000E+00  0.000E+00
  179.4000  0.000E+00  0.000E+00  0.000E+00  0.000E+00  0.000E+00  0.000E+00  0.000E+00  0.000E+00  0.000E+00  0.000E+00  0.000E+00  0.000E+00  0.000E+00  0.000E+00  0.000E+00  0.000E+00  0.000E+00  0.000E+00  0.000E+00
  181.0000  0.000E+00  0.000E+00  0.000E+00  0.000E+00  0.000E+00  0.000E+00  0.000E+00  0.000E+00  0.000E+00  0.000E+00  0.000E+00  0.000E+00  0.000E+00  0.000E+00  0.000E+00  0.000E+00  0.000E+00  0.000E+00  0.000E+00
  182.6500  0.000E+00  0.000E+00  0.000E+00  0.000E+00  0.000E+00  0.000E+00  0.000E+00  0.000E+00  0.000E+00  0.000E+00  0.000E+00  0.000E+00  0.000E+00  0.000E+00  0.000E+00  0.000E+00  0.000E+00  0.000E+00  0.000E+00
  184.3500  0.000E+00  0.000E+00  0.000E+00  0.000E+00  0.000E+00  0.000E+00  0.000E+00  0.000E+00  0.000E+00  0.000E+00  0.000E+00  0.000E+00  0.000E+00  0.000E+00  0.000E+00  0.000E+00  0.000E+00  0.000E+00  0.000E+00
  186.0500  0.000E+00  0.000E+00  0.000E+00  0.000E+00  0.000E+00  0.000E+00  0.000E+00  0.000E+00  0.000E+00  0.000E+00  0.000E+00  0.000E+00  0.000E+00  0.000E+00  0.000E+00  0.000E+00  0.000E+00  0.000E+00  0.000E+00
  187.8000  0.000E+00  0.000E+00  0.000E+00  0.000E+00  0.000E+00  0.000E+00  0.000E+00  0.000E+00  0.000E+00  0.000E+00  0.000E+00  0.000E+00  0.000E+00  0.000E+00  0.000E+00  0.000E+00  0.000E+00  0.000E+00  0.000E+00
  189.6000  0.000E+00  0.000E+00  0.000E+00  0.000E+00  0.000E+00  0.000E+00  0.000E+00  0.000E+00  0.000E+00  0.000E+00  0.000E+00  0.000E+00  0.000E+00  0.000E+00  0.000E+00  0.000E+00  0.000E+00  0.000E+00  0.000E+00
  191.4000  0.000E+00  0.000E+00  0.000E+00  0.000E+00  0.000E+00  0.000E+00  0.000E+00  0.000E+00  0.000E+00  0.000E+00  0.000E+00  0.000E+00  0.000E+00  0.000E+00  0.000E+00  0.000E+00  0.000E+00  0.000E+00  0.000E+00
  193.2500  0.000E+00  0.000E+00  0.000E+00  0.000E+00  0.000E+00  0.000E+00  0.000E+00  0.000E+00  0.000E+00  0.000E+00  0.000E+00  0.000E+00  0.000E+00  0.000E+00  0.000E+00  0.000E+00  0.000E+00  0.000E+00  0.000E+00
  195.1500  0.000E+00  0.000E+00  0.000E+00  0.000E+00  0.000E+00  0.000E+00  0.000E+00  0.000E+00  0.000E+00  0.000E+00  0.000E+00  0.000E+00  0.000E+00  0.000E+00  0.000E+00  0.000E+00  0.000E+00  0.000E+00  0.000E+00
  197.0500  0.000E+00  0.000E+00  0.000E+00  0.000E+00  0.000E+00  0.000E+00  0.000E+00  0.000E+00  0.000E+00  0.000E+00  0.000E+00  0.000E+00  0.000E+00  0.000E+00  0.000E+00  0.000E+00  0.000E+00  0.000E+00  0.000E+00
  199.0000  0.000E+00  0.000E+00  0.000E+00  0.000E+00  0.000E+00  0.000E+00  0.000E+00  0.000E+00  0.000E+00  0.000E+00  0.000E+00  0.000E+00  0.000E+00  0.000E+00  0.000E+00  0.000E+00  0.000E+00  0.000E+00  0.000E+00
  201.0000  0.000E+00  0.000E+00  0.000E+00  0.000E+00  0.000E+00  0.000E+00  0.000E+00  0.000E+00  0.000E+00  0.000E+00  0.000E+00  0.000E+00  0.000E+00  0.000E+00  0.000E+00  0.000E+00  0.000E+00  0.000E+00  0.000E+00
  203.0500  0.000E+00  0.000E+00  0.000E+00  0.000E+00  0.000E+00  0.000E+00  0.000E+00  0.000E+00  0.000E+00  0.000E+00  0.000E+00  0.000E+00  0.000E+00  0.000E+00  0.000E+00  0.000E+00  0.000E+00  0.000E+00  0.000E+00
  204.9500  0.000E+00  0.000E+00  0.000E+00  0.000E+00  0.000E+00  0.000E+00  0.000E+00  0.000E+00  0.000E+00  0.000E+00  0.000E+00  0.000E+00  0.000E+00  0.000E+00  0.000E+00  0.000E+00  0.000E+00  0.000E+00  0.000E+00
  207.0665  0.000E+00  0.000E+00  0.000E+00  0.000E+00  0.000E+00  0.000E+00  0.000E+00  0.000E+00  0.000E+00  0.000E+00  0.000E+00  0.000E+00  0.000E+00  0.000E+00  0.000E+00  0.000E+00  0.000E+00  0.000E+00  0.000E+00
  209.4295  0.000E+00  0.000E+00  0.000E+00  0.000E+00  0.000E+00  0.000E+00  0.000E+00  0.000E+00  0.000E+00  0.000E+00  0.000E+00  0.000E+00  0.000E+00  0.000E+00  0.000E+00  0.000E+00  0.000E+00  0.000E+00  0.000E+00
  211.6460  0.000E+00  0.000E+00  0.000E+00  0.000E+00  0.000E+00  0.000E+00  0.000E+00  0.000E+00  0.000E+00  0.000E+00  0.000E+00  0.000E+00  0.000E+00  0.000E+00  0.000E+00  0.000E+00  0.000E+00  0.000E+00  0.000E+00
  213.9100  0.000E+00  0.000E+00  0.000E+00  0.000E+00  0.000E+00  0.000E+00  0.000E+00  0.000E+00  0.000E+00  0.000E+00  0.000E+00  0.000E+00  0.000E+00  0.000E+00  0.000E+00  0.000E+00  0.000E+00  0.000E+00  0.000E+00
  216.2225  0.000E+00  0.000E+00  0.000E+00  0.000E+00  0.000E+00  0.000E+00  0.000E+00  0.000E+00  0.000E+00  0.000E+00  0.000E+00  0.000E+00  0.000E+00  0.000E+00  0.000E+00  0.000E+00  0.000E+00  0.000E+00  0.000E+00
  218.5855  0.000E+00  0.000E+00  0.000E+00  0.000E+00  0.000E+00  0.000E+00  0.000E+00  0.000E+00  0.000E+00  0.000E+00  0.000E+00  0.000E+00  0.000E+00  0.000E+00  0.000E+00  0.000E+00  0.000E+00  0.000E+00  0.000E+00
  221.0010  0.000E+00  0.000E+00  0.000E+00  0.000E+00  0.000E+00  0.000E+00  0.000E+00  0.000E+00  0.000E+00  0.000E+00  0.000E+00  0.000E+00  0.000E+00  0.000E+00  0.000E+00  0.000E+00  0.000E+00  0.000E+00  0.000E+00
  223.4705  0.000E+00  0.000E+00  0.000E+00  0.000E+00  0.000E+00  0.000E+00  0.000E+00  0.000E+00  0.000E+00  0.000E+00  0.000E+00  0.000E+00  0.000E+00  0.000E+00  0.000E+00  0.000E+00  0.000E+00  0.000E+00  0.000E+00
  225.9960  0.000E+00  0.000E+00  0.000E+00  0.000E+00  0.000E+00  0.000E+00  0.000E+00  0.000E+00  0.000E+00  0.000E+00  0.000E+00  0.000E+00  0.000E+00  0.000E+00  0.000E+00  0.000E+00  0.000E+00  0.000E+00  0.000E+00
  228.5790  0.000E+00  0.000E+00  0.000E+00  0.000E+00  0.000E+00  0.000E+00  0.000E+00  0.000E+00  0.000E+00  0.000E+00  0.000E+00  0.000E+00  0.000E+00  0.000E+00  0.000E+00  0.000E+00  0.000E+00  0.000E+00  0.000E+00
  231.2215  0.000E+00  0.000E+00  0.000E+00  0.000E+00  0.000E+00  0.000E+00  0.000E+00  0.000E+00  0.000E+00  0.000E+00  0.000E+00  0.000E+00  0.000E+00  0.000E+00  0.000E+00  0.000E+00  0.000E+00  0.000E+00  0.000E+00
  233.9260  0.000E+00  0.000E+00  0.000E+00  0.000E+00  0.000E+00  0.000E+00  0.000E+00  0.000E+00  0.000E+00  0.000E+00  0.000E+00  0.000E+00  0.000E+00  0.000E+00  0.000E+00  0.000E+00  0.000E+00  0.000E+00  0.000E+00
  236.6945  0.000E+00  0.000E+00  0.000E+00  0.000E+00  0.000E+00  0.000E+00  0.000E+00  0.000E+00  0.000E+00  0.000E+00  0.000E+00  0.000E+00  0.000E+00  0.000E+00  0.000E+00  0.000E+00  0.000E+00  0.000E+00  0.000E+00
  239.5295  0.000E+00  0.000E+00  0.000E+00  0.000E+00  0.000E+00  0.000E+00  0.000E+00  0.000E+00  0.000E+00  0.000E+00  0.000E+00  0.000E+00  0.000E+00  0.000E+00  0.000E+00  0.000E+00  0.000E+00  0.000E+00  0.000E+00
  242.4330  0.000E+00  0.000E+00  0.000E+00  0.000E+00  0.000E+00  0.000E+00  0.000E+00  0.000E+00  0.000E+00  0.000E+00  0.000E+00  0.000E+00  0.000E+00  0.000E+00  0.000E+00  0.000E+00  0.000E+00  0.000E+00  0.000E+00
  245.4080  0.000E+00  0.000E+00  0.000E+00  0.000E+00  0.000E+00  0.000E+00  0.000E+00  0.000E+00  0.000E+00  0.000E+00  0.000E+00  0.000E+00  0.000E+00  0.000E+00  0.000E+00  0.000E+00  0.000E+00  0.000E+00  0.000E+00
  248.4570  0.000E+00  0.000E+00  0.000E+00  0.000E+00  0.000E+00  0.000E+00  0.000E+00  0.000E+00  0.000E+00  0.000E+00  0.000E+00  0.000E+00  0.000E+00  0.000E+00  0.000E+00  0.000E+00  0.000E+00  0.000E+00  0.000E+00
  251.5825  0.000E+00  0.000E+00  0.000E+00  0.000E+00  0.000E+00  0.000E+00  0.000E+00  0.000E+00  0.000E+00  0.000E+00  0.000E+00  0.000E+00  0.000E+00  0.000E+00  0.000E+00  0.000E+00  0.000E+00  0.000E+00  0.000E+00
  254.7875  0.000E+00  0.000E+00  0.000E+00  0.000E+00  0.000E+00  0.000E+00  0.000E+00  0.000E+00  0.000E+00  0.000E+00  0.000E+00  0.000E+00  0.000E+00  0.000E+00  0.000E+00  0.000E+00  0.000E+00  0.000E+00  0.000E+00
  258.0750  0.000E+00  0.000E+00  0.000E+00  0.000E+00  0.000E+00  0.000E+00  0.000E+00  0.000E+00  0.000E+00  0.000E+00  0.000E+00  0.000E+00  0.000E+00  0.000E+00  0.000E+00  0.000E+00  0.000E+00  0.000E+00  0.000E+00
  261.4490  0.000E+00  0.000E+00  0.000E+00  0.000E+00  0.000E+00  0.000E+00  0.000E+00  0.000E+00  0.000E+00  0.000E+00  0.000E+00  0.000E+00  0.000E+00  0.000E+00  0.000E+00  0.000E+00  0.000E+00  0.000E+00  0.000E+00
  264.9125  0.000E+00  0.000E+00  0.000E+00  0.000E+00  0.000E+00  0.000E+00  0.000E+00  0.000E+00  0.000E+00  0.000E+00  0.000E+00  0.000E+00  0.000E+00  0.000E+00  0.000E+00  0.000E+00  0.000E+00  0.000E+00  0.000E+00
  268.4685  0.000E+00  0.000E+00  0.000E+00  0.000E+00  0.000E+00  0.000E+00  0.000E+00  0.000E+00  0.000E+00  0.000E+00  0.000E+00  0.000E+00  0.000E+00  0.000E+00  0.000E+00  0.000E+00  0.000E+00  0.000E+00  0.000E+00
  272.1215  0.000E+00  0.000E+00  0.000E+00  0.000E+00  0.000E+00  0.000E+00  0.000E+00  0.000E+00  0.000E+00  0.000E+00  0.000E+00  0.000E+00  0.000E+00  0.000E+00  0.000E+00  0.000E+00  0.000E+00  0.000E+00  0.000E+00
  275.8755  0.000E+00  0.000E+00  0.000E+00  0.000E+00  0.000E+00  0.000E+00  0.000E+00  0.000E+00  0.000E+00  0.000E+00  0.000E+00  0.000E+00  0.000E+00  0.000E+00  0.000E+00  0.000E+00  0.000E+00  0.000E+00  0.000E+00
  279.7340  0.000E+00  0.000E+00  0.000E+00  0.000E+00  0.000E+00  0.000E+00  0.000E+00  0.000E+00  0.000E+00  0.000E+00  0.000E+00  0.000E+00  0.000E+00  0.000E+00  0.000E+00  0.000E+00  0.000E+00  0.000E+00  0.000E+00
  283.7020  0.000E+00  0.000E+00  0.000E+00  0.000E+00  0.000E+00  0.000E+00  0.000E+00  0.000E+00  0.000E+00  0.000E+00  0.000E+00  0.000E+00  0.000E+00  0.000E+00  0.000E+00  0.000E+00  0.000E+00  0.000E+00  0.000E+00
  287.7845  0.000E+00  0.000E+00  0.000E+00  0.000E+00  0.000E+00  0.000E+00  0.000E+00  0.000E+00  0.000E+00  0.000E+00  0.000E+00  0.000E+00  0.000E+00  0.000E+00  0.000E+00  0.000E+00  0.000E+00  0.000E+00  0.000E+00
  291.9865  2.464E+10  2.382E+10  2.151E+10  1.805E+10  1.400E+10  9.920E+09  6.331E+09  3.548E+09  1.713E+09  6.858E+08  2.184E+08  5.709E+07  1.642E+07  7.819E+06  4.985E+06  3.355E+06  2.237E+06  1.365E+06  5.555E+05
  296.3090  9.601E+11  9.411E+11  8.856E+11  7.983E+11  6.864E+11  5.594E+11  4.283E+11  3.035E+11  1.962E+11  1.131E+11  5.584E+10  2.271E+10  7.427E+09  2.206E+09  8.914E+08  5.161E+08  3.198E+08  1.832E+08  7.133E+07
  300.5000  7.494E+12  7.404E+12  7.137E+12  6.703E+12  6.117E+12  5.405E+12  4.597E+12  3.729E+12  2.858E+12  2.041E+12  1.321E+12  7.501E+11  3.561E+11  1.336E+11  4.007E+10  1.347E+10  6.738E+09  3.483E+09  1.248E+09
  303.0000  2.448E+13  2.426E+13  2.361E+13  2.254E+13  2.107E+13  1.923E+13  1.705E+13  1.464E+13  1.198E+13  9.335E+12  6.748E+12  4.417E+12  2.513E+12  1.169E+12  4.131E+11  1.153E+11  4.026E+10  1.845E+10  6.092E+09
  304.0000  2.796E+13  2.774E+13  2.706E+13  2.593E+13  2.438E+13  2.242E+13  2.009E+13  1.739E+13  1.454E+13  1.156E+13  8.585E+12  5.816E+12  3.461E+12  1.705E+12  6.417E+11  1.808E+11  5.625E+10  2.431E+10  7.797E+09
  305.0000  4.046E+13  4.017E+13  3.930E+13  3.786E+13  3.585E+13  3.329E+13  3.021E+13  2.671E+13  2.269E+13  1.852E+13  1.423E+13  1.007E+13  6.345E+12  3.370E+12  1.389E+12  4.122E+11  1.121E+11  4.325E+10  1.321E+10
  306.0000  3.943E+13  3.917E+13  3.840E+13  3.710E+13  3.530E+13  3.299E+13  3.018E+13  2.690E+13  2.322E+13  1.928E+13  1.513E+13  1.102E+13  7.207E+12  4.022E+12  1.765E+12  5.528E+11  1.410E+11  4.920E+10  1.443E+10
  307.0000  5.273E+13  5.242E+13  5.148E+13  4.992E+13  4.773E+13  4.490E+13  4.144E+13  3.731E+13  3.270E+13  2.764E+13  2.220E+13  1.666E+13  1.134E+13  6.674E+12  3.142E+12  1.059E+12  2.614E+11  7.967E+10  2.209E+10
  308.0000  6.399E+13  6.365E+13  6.263E+13  6.092E+13  5.851E+13  5.537E+13  5.152E+13  4.687E+13  4.160E+13  3.574E+13  2.932E+13  2.261E+13  1.596E+13  9.872E+12  4.970E+12  1.814E+12  4.525E+11  1.203E+11  3.109E+10
  309.0000  6.762E+13  6.728E+13  6.627E+13  6.458E+13  6.217E+13  5.905E+13  5.519E+13  5.046E+13  4.516E+13  3.917E+13  3.252E+13  2.547E+13  1.836E+13  1.168E+13  6.108E+12  2.338E+12  5.965E+11  1.465E+11  3.603E+10
  310.0000  6.893E+13  6.863E+13  6.773E+13  6.620E+13  6.404E+13  6.120E+13  5.766E+13  5.329E+13  4.831E+13  4.261E+13  3.615E+13  2.912E+13  2.179E+13  1.459E+13  8.203E+12  3.463E+12  9.545E+11  2.079E+11  4.525E+10
  311.0000  1.175E+14  1.170E+14  1.155E+14  1.131E+14  1.096E+14  1.050E+14  9.929E+13  9.220E+13  8.403E+13  7.464E+13  6.390E+13  5.210E+13  3.961E+13  2.710E+13  1.571E+13  6.915E+12  1.986E+12  4.169E+11  8.530E+10
  312.0000  1.069E+14  1.065E+14  1.053E+14  1.033E+14  1.004E+14  9.652E+13  9.169E+13  8.562E+13  7.869E+13  7.058E+13  6.121E+13  5.074E+13  3.944E+13  2.782E+13  1.683E+13  7.873E+12  2.428E+12  4.965E+11  9.162E+10
  313.0000  1.218E+14  1.214E+14  1.201E+14  1.180E+14  1.150E+14  1.110E+14  1.059E+14  9.959E+13  9.217E+13  8.346E+13  7.327E+13  6.173E+13  4.901E+13  3.561E+13  2.247E+13  1.118E+13  3.731E+12  7.699E+11  1.272E+11
  314.0000  1.337E+14  1.333E+14  1.320E+14  1.298E+14  1.266E+14  1.224E+14  1.170E+14  1.103E+14  1.024E+14  9.309E+13  8.215E+13  6.967E+13  5.581E+13  4.104E+13  2.634E+13  1.344E+13  4.626E+12  9.623E+11  1.519E+11
  316.0000  1.406E+14  1.402E+14  1.390E+14  1.370E+14  1.342E+14  1.304E+14  1.255E+14  1.193E+14  1.120E+14  1.033E+14  9.276E+13  8.052E+13  6.654E+13  5.107E+13  3.485E+13  1.948E+13  7.647E+12  1.753E+12  2.381E+11
  320.0000  1.842E+14  1.838E+14  1.826E+14  1.805E+14  1.775E+14  1.735E+14  1.683E+14  1.616E+14  1.535E+14  1.437E+14  1.317E+14  1.173E+14  1.003E+14  8.071E+13  5.891E+13  3.641E+13  1.665E+13  4.554E+12  5.806E+11
  325.0000  2.382E+14  2.378E+14  2.366E+14  2.345E+14  2.315E+14  2.273E+14  2.219E+14  2.147E+14  2.060E+14  1.953E+14  1.818E+14  1.654E+14  1.454E+14  1.215E+14  9.363E+13  6.278E+13  3.257E+13  1.068E+13  1.546E+12
  330.0000  2.952E+14  2.947E+14  2.935E+14  2.913E+14  2.880E+14  2.836E+14  2.778E+14  2.700E+14  2.604E+14  2.485E+14  2.334E+14  2.146E+14  1.915E+14  1.632E+14  1.293E+14  9.035E+13  4.986E+13  1.783E+13  2.921E+12
  335.0000  2.792E+14  2.789E+14  2.778E+14  2.760E+14  2.734E+14  2.697E+14  2.647E+14  2.582E+14  2.500E+14  2.397E+14  2.265E+14  2.099E+14  1.893E+14  1.636E+14  1.322E+14  9.504E+13  5.469E+13  2.064E+13  3.721E+12
  340.0000  3.004E+14  3.001E+14  2.991E+14  2.973E+14  2.947E+14  2.911E+14  2.863E+14  2.797E+14  2.715E+14  2.612E+14  2.478E+14  2.309E+14  2.096E+14  1.828E+14  1.496E+14  1.094E+14  6.447E+13  2.485E+13  4.635E+12
  345.0000  2.930E+14  2.927E+14  2.918E+14  2.902E+14  2.879E+14  2.846E+14  2.803E+14  2.743E+14  2.668E+14  2.573E+14  2.449E+14  2.291E+14  2.091E+14  1.837E+14  1.517E+14  1.125E+14  6.745E+13  2.627E+13  4.936E+12
  350.0000  3.029E+14  3.026E+14  3.018E+14  3.003E+14  2.980E+14  2.948E+14  2.906E+14  2.848E+14  2.774E+14  2.680E+14  2.558E+14  2.400E+14  2.199E+14  1.942E+14  1.616E+14  1.209E+14  7.338E+13  2.858E+13  5.256E+12
  355.0000  3.170E+14  3.168E+14  3.159E+14  3.145E+14  3.123E+14  3.092E+14  3.050E+14  2.994E+14  2.921E+14  2.827E+14  2.704E+14  2.546E+14  2.342E+14  2.079E+14  1.743E+14  1.319E+14  8.115E+13  3.181E+13  5.770E+12
  360.0000  2.871E+14  2.869E+14  2.862E+14  2.850E+14  2.831E+14  2.805E+14  2.770E+14  2.721E+14  2.659E+14  2.578E+14  2.471E+14  2.333E+14  2.154E+14  1.922E+14  1.623E+14  1.239E+14  7.727E+13  3.047E+13  5.418E+12
  365.0000  3.619E+14  3.616E+14  3.608E+14  3.594E+14  3.572E+14  3.542E+14  3.500E+14  3.442E+14  3.367E+14  3.270E+14  3.141E+14  2.973E+14  2.755E+14  2.470E+14  2.098E+14  1.618E+14  1.021E+14  4.057E+13  7.057E+12
  370.0000  3.732E+14  3.730E+14  3.722E+14  3.708E+14  3.688E+14  3.658E+14  3.617E+14  3.561E+14  3.488E+14  3.392E+14  3.265E+14  3.098E+14  2.880E+14  2.593E+14  2.216E+14  1.724E+14  1.102E+14  4.415E+13  7.496E+12
  375.0000  3.347E+14  3.345E+14  3.338E+14  3.327E+14  3.310E+14  3.285E+14  3.250E+14  3.203E+14  3.140E+14  3.058E+14  2.949E+14  2.805E+14  2.615E+14  2.364E+14  2.032E+14  1.594E+14  1.032E+14  4.175E+13  6.909E+12
  380.0000  3.822E+14  3.820E+14  3.813E+14  3.801E+14  3.783E+14  3.756E+14  3.719E+14  3.668E+14  3.600E+14  3.511E+14  3.391E+14  3.232E+14  3.022E+14  2.743E+14  2.371E+14  1.874E+14  1.228E+14  5.025E+13  8.104E+12
  385.0000  2.865E+14  2.863E+14  2.859E+14  2.850E+14  2.837E+14  2.819E+14  2.793E+14  2.756E+14  2.707E+14  2.644E+14  2.557E+14  2.442E+14  2.290E+14  2.086E+14  1.813E+14  1.444E+14  9.575E+13  3.967E+13  6.232E+12
  390.0000  3.722E+14  3.720E+14  3.714E+14  3.704E+14  3.689E+14  3.666E+14  3.634E+14  3.588E+14  3.529E+14  3.449E+14  3.341E+14  3.197E+14  3.005E+14  2.748E+14  2.399E+14  1.926E+14  1.292E+14  5.425E+13  8.302E+12
  395.0000  2.874E+14  2.873E+14  2.869E+14  2.862E+14  2.850E+14  2.834E+14  2.810E+14  2.777E+14  2.733E+14  2.674E+14  2.594E+14  2.487E+14  2.343E+14  2.149E+14  1.886E+14  1.525E+14  1.034E+14  4.406E+13  6.570E+12
  400.0000  5.315E+14  5.313E+14  5.306E+14  5.293E+14  5.274E+14  5.245E+14  5.204E+14  5.146E+14  5.068E+14  4.964E+14  4.822E+14  4.630E+14  4.373E+14  4.023E+14  3.546E+14  2.887E+14  1.980E+14  8.562E+13  1.245E+13
  405.0000  5.401E+14  5.399E+14  5.392E+14  5.380E+14  5.362E+14  5.334E+14  5.295E+14  5.238E+14  5.163E+14  5.062E+14  4.923E+14  4.735E+14  4.481E+14  4.135E+14  3.661E+14  3.000E+14  2.080E+14  9.132E+13  1.295E+13
  410.0000  5.554E+14  5.552E+14  5.545E+14  5.534E+14  5.516E+14  5.489E+14  5.451E+14  5.396E+14  5.322E+14  5.222E+14  5.084E+14  4.897E+14  4.644E+14  4.298E+14  3.820E+14  3.150E+14  2.207E+14  9.844E+13  1.362E+13
  415.0000  5.773E+14  5.771E+14  5.765E+14  5.754E+14  5.736E+14  5.710E+14  5.673E+14  5.618E+14  5.544E+14  5.445E+14  5.307E+14  5.119E+14  4.864E+14  4.514E+14  4.027E+14  3.341E+14  2.365E+14  1.072E+14  1.450E+13
  420.0000  5.816E+14  5.814E+14  5.809E+14  5.798E+14  5.782E+14  5.757E+14  5.721E+14  5.668E+14  5.597E+14  5.501E+14  5.367E+14  5.184E+14  4.934E+14  4.590E+14  4.111E+14  3.431E+14  2.451E+14  1.129E+14  1.495E+13
  425.0000  5.545E+14  5.543E+14  5.538E+14  5.528E+14  5.513E+14  5.491E+14  5.458E+14  5.410E+14  5.345E+14  5.257E+14  5.134E+14  4.965E+14  4.734E+14  4.414E+14  3.967E+14  3.328E+14  2.400E+14  1.123E+14  1.456E+13
  430.0000  5.110E+14  5.109E+14  5.104E+14  5.096E+14  5.083E+14  5.064E+14  5.035E+14  4.993E+14  4.935E+14  4.857E+14  4.747E+14  4.597E+14  4.390E+14  4.103E+14  3.700E+14  3.121E+14  2.271E+14  1.080E+14  1.375E+13
  435.0000  5.929E+14  5.927E+14  5.922E+14  5.913E+14  5.899E+14  5.878E+14  5.846E+14  5.799E+14  5.735E+14  5.647E+14  5.524E+14  5.355E+14  5.122E+14  4.798E+14  4.340E+14  3.679E+14  2.700E+14  1.305E+14  1.633E+13
  440.0000  6.097E+14  6.096E+14  6.091E+14  6.082E+14  6.068E+14  6.047E+14  6.016E+14  5.970E+14  5.906E+14  5.819E+14  5.697E+14  5.528E+14  5.294E+14  4.969E+14  4.508E+14  3.839E+14  2.841E+14  1.394E+14  1.715E+13
  445.0000  6.550E+14  6.548E+14  6.543E+14  6.535E+14  6.520E+14  6.499E+14  6.467E+14  6.419E+14  6.353E+14  6.263E+14  6.136E+14  5.959E+14  5.715E+14  5.374E+14  4.889E+14  4.182E+14  3.119E+14  1.554E+14  1.886E+13
  450.0000  6.970E+14  6.968E+14  6.964E+14  6.955E+14  6.940E+14  6.918E+14  6.885E+14  6.837E+14  6.769E+14  6.677E+14  6.545E+14  6.363E+14  6.110E+14  5.756E+14  5.251E+14  4.512E+14  3.391E+14  1.715E+14  2.061E+13
  455.0000  6.827E+14  6.825E+14  6.821E+14  6.813E+14  6.799E+14  6.778E+14  6.748E+14  6.701E+14  6.638E+14  6.550E+14  6.425E+14  6.252E+14  6.011E+14  5.672E+14  5.188E+14  4.475E+14  3.388E+14  1.739E+14  2.071E+13
  460.0000  7.030E+14  7.028E+14  7.024E+14  7.016E+14  7.002E+14  6.981E+14  6.951E+14  6.904E+14  6.840E+14  6.752E+14  6.627E+14  6.452E+14  6.209E+14  5.867E+14  5.377E+14  4.653E+14  3.542E+14  1.839E+14  2.158E+13
  465.0000  6.961E+14  6.960E+14  6.956E+14  6.948E+14  6.935E+14  6.915E+14  6.886E+14  6.842E+14  6.781E+14  6.696E+14  6.575E+14  6.407E+14  6.173E+14  5.842E+14  5.367E+14  4.662E+14  3.574E+14  1.883E+14  2.206E+13
  470.0000  6.935E+14  6.934E+14  6.930E+14  6.922E+14  6.910E+14  6.891E+14  6.863E+14  6.820E+14  6.761E+14  6.679E+14  6.562E+14  6.399E+14  6.171E+14  5.849E+14  5.385E+14  4.694E+14  3.622E+14  1.934E+14  2.262E+13
  475.0000  7.029E+14  7.028E+14  7.024E+14  7.017E+14  7.005E+14  6.986E+14  6.958E+14  6.916E+14  6.858E+14  6.777E+14  6.661E+14  6.500E+14  6.274E+14  5.954E+14  5.492E+14  4.803E+14  3.727E+14  2.015E+14  2.353E+13
  480.0000  7.238E+14  7.237E+14  7.233E+14  7.226E+14  7.213E+14  7.194E+14  7.166E+14  7.123E+14  7.063E+14  6.981E+14  6.863E+14  6.699E+14  6.469E+14  6.143E+14  5.673E+14  4.970E+14  3.868E+14  2.105E+14  2.427E+13
  485.0000  6.590E+14  6.589E+14  6.586E+14  6.579E+14  6.568E+14  6.551E+14  6.526E+14  6.488E+14  6.435E+14  6.362E+14  6.257E+14  6.110E+14  5.905E+14  5.615E+14  5.194E+14  4.563E+14  3.570E+14  1.965E+14  2.274E+13
  490.0000  6.883E+14  6.882E+14  6.878E+14  6.872E+14  6.861E+14  6.844E+14  6.818E+14  6.779E+14  6.726E+14  6.651E+14  6.545E+14  6.396E+14  6.186E+14  5.889E+14  5.459E+14  4.811E+14  3.787E+14  2.112E+14  2.471E+13
  495.0000  7.030E+14  7.029E+14  7.025E+14  7.018E+14  7.007E+14  6.990E+14  6.965E+14  6.926E+14  6.872E+14  6.797E+14  6.691E+14  6.541E+14  6.331E+14  6.033E+14  5.601E+14  4.948E+14  3.912E+14  2.204E+14  2.597E+13
  500.0000  6.716E+14  6.716E+14  6.712E+14  6.706E+14  6.695E+14  6.679E+14  6.654E+14  6.617E+14  6.566E+14  6.495E+14  6.393E+14  6.251E+14  6.052E+14  5.769E+14  5.359E+14  4.740E+14  3.755E+14  2.125E+14  2.491E+13
  505.0000  6.835E+14  6.833E+14  6.830E+14  6.823E+14  6.812E+14  6.794E+14  6.769E+14  6.731E+14  6.678E+14  6.605E+14  6.502E+14  6.357E+14  6.155E+14  5.867E+14  5.450E+14  4.822E+14  3.821E+14  2.166E+14  2.513E+13
  510.0000  6.802E+14  6.801E+14  6.797E+14  6.791E+14  6.779E+14  6.763E+14  6.738E+14  6.701E+14  6.650E+14  6.579E+14  6.479E+14  6.338E+14  6.141E+14  5.861E+14  5.453E+14  4.838E+14  3.854E+14  2.211E+14  2.617E+13
  515.0000  6.328E+14  6.326E+14  6.323E+14  6.317E+14  6.307E+14  6.291E+14  6.269E+14  6.235E+14  6.188E+14  6.123E+14  6.031E+14  5.902E+14  5.722E+14  5.465E+14  5.092E+14  4.527E+14  3.620E+14  2.096E+14  2.520E+13
  520.0000  6.525E+14  6.524E+14  6.520E+14  6.514E+14  6.503E+14  6.487E+14  6.464E+14  6.429E+14  6.381E+14  6.314E+14  6.220E+14  6.089E+14  5.904E+14  5.642E+14  5.261E+14  4.683E+14  3.755E+14  2.187E+14  2.657E+13
  525.0000  6.562E+14  6.560E+14  6.556E+14  6.550E+14  6.539E+14  6.522E+14  6.498E+14  6.462E+14  6.414E+14  6.347E+14  6.251E+14  6.119E+14  5.933E+14  5.670E+14  5.287E+14  4.707E+14  3.775E+14  2.201E+14  2.674E+13
  530.0000  6.924E+14  6.923E+14  6.918E+14  6.910E+14  6.898E+14  6.880E+14  6.854E+14  6.815E+14  6.763E+14  6.690E+14  6.588E+14  6.447E+14  6.250E+14  5.970E+14  5.563E+14  4.949E+14  3.964E+14  2.306E+14  2.781E+13
  535.0000  6.731E+14  6.730E+14  6.726E+14  6.718E+14  6.706E+14  6.688E+14  6.663E+14  6.625E+14  6.574E+14  6.504E+14  6.405E+14  6.268E+14  6.077E+14  5.807E+14  5.414E+14  4.820E+14  3.866E+14  2.258E+14  2.757E+13
  540.0000  6.765E+14  6.763E+14  6.759E+14  6.752E+14  6.740E+14  6.721E+14  6.696E+14  6.658E+14  6.607E+14  6.537E+14  6.439E+14  6.303E+14  6.114E+14  5.846E+14  5.456E+14  4.865E+14  3.915E+14  2.304E+14  2.874E+13
  545.0000  6.886E+14  6.885E+14  6.881E+14  6.872E+14  6.860E+14  6.842E+14  6.815E+14  6.776E+14  6.724E+14  6.653E+14  6.553E+14  6.414E+14  6.222E+14  5.949E+14  5.554E+14  4.955E+14  3.991E+14  2.355E+14  2.970E+13
  550.0000  6.932E+14  6.931E+14  6.926E+14  6.918E+14  6.905E+14  6.887E+14  6.859E+14  6.820E+14  6.768E+14  6.696E+14  6.596E+14  6.457E+14  6.264E+14  5.991E+14  5.595E+14  4.996E+14  4.030E+14  2.388E+14  3.059E+13
  555.0000  6.898E+14  6.896E+14  6.891E+14  6.883E+14  6.870E+14  6.851E+14  6.824E+14  6.785E+14  6.733E+14  6.662E+14  6.562E+14  6.426E+14  6.235E+14  5.966E+14  5.575E+14  4.983E+14  4.029E+14  2.402E+14  3.151E+13
  560.0000  6.742E+14  6.741E+14  6.736E+14  6.727E+14  6.714E+14  6.695E+14  6.668E+14  6.629E+14  6.576E+14  6.506E+14  6.407E+14  6.272E+14  6.084E+14  5.820E+14  5.436E+14  4.855E+14  3.920E+14  2.332E+14  3.071E+13
  565.0000  6.771E+14  6.769E+14  6.764E+14  6.755E+14  6.742E+14  6.721E+14  6.693E+14  6.653E+14  6.599E+14  6.527E+14  6.426E+14  6.289E+14  6.098E+14  5.830E+14  5.442E+14  4.855E+14  3.913E+14  2.320E+14  3.064E+13
  570.0000  6.756E+14  6.754E+14  6.749E+14  6.740E+14  6.726E+14  6.705E+14  6.676E+14  6.635E+14  6.581E+14  6.508E+14  6.407E+14  6.269E+14  6.079E+14  5.810E+14  5.423E+14  4.837E+14  3.898E+14  2.312E+14  3.087E+13
  575.0000  6.900E+14  6.899E+14  6.893E+14  6.883E+14  6.869E+14  6.848E+14  6.818E+14  6.776E+14  6.720E+14  6.646E+14  6.543E+14  6.403E+14  6.209E+14  5.936E+14  5.542E+14  4.947E+14  3.992E+14  2.376E+14  3.236E+13
  580.0000  6.827E+14  6.826E+14  6.820E+14  6.811E+14  6.797E+14  6.776E+14  6.748E+14  6.707E+14  6.653E+14  6.581E+14  6.481E+14  6.345E+14  6.157E+14  5.893E+14  5.510E+14  4.932E+14  3.999E+14  2.408E+14  3.404E+13
  585.0000  6.872E+14  6.870E+14  6.865E+14  6.856E+14  6.842E+14  6.822E+14  6.793E+14  6.753E+14  6.700E+14  6.629E+14  6.531E+14  6.397E+14  6.212E+14  5.952E+14  5.574E+14  5.002E+14  4.077E+14  2.485E+14  3.648E+13
  590.0000  6.665E+14  6.663E+14  6.658E+14  6.649E+14  6.636E+14  6.616E+14  6.589E+14  6.550E+14  6.499E+14  6.431E+14  6.337E+14  6.208E+14  6.031E+14  5.781E+14  5.419E+14  4.870E+14  3.981E+14  2.443E+14  3.686E+13
  595.0000  6.824E+14  6.822E+14  6.817E+14  6.807E+14  6.793E+14  6.772E+14  6.744E+14  6.703E+14  6.650E+14  6.580E+14  6.482E+14  6.350E+14  6.167E+14  5.910E+14  5.538E+14  4.975E+14  4.063E+14  2.491E+14  3.797E+13
  600.0000  6.682E+14  6.680E+14  6.675E+14  6.665E+14  6.650E+14  6.629E+14  6.600E+14  6.559E+14  6.507E+14  6.436E+14  6.339E+14  6.207E+14  6.026E+14  5.772E+14  5.405E+14  4.850E+14  3.953E+14  2.415E+14  3.699E+13
  605.0000  6.794E+14  6.792E+14  6.786E+14  6.777E+14  6.762E+14  6.740E+14  6.711E+14  6.669E+14  6.616E+14  6.544E+14  6.446E+14  6.314E+14  6.131E+14  5.875E+14  5.505E+14  4.945E+14  4.040E+14  2.481E+14  3.896E+13
  610.0000  6.754E+14  6.752E+14  6.747E+14  6.737E+14  6.723E+14  6.702E+14  6.674E+14  6.634E+14  6.583E+14  6.514E+14  6.420E+14  6.292E+14  6.116E+14  5.869E+14  5.511E+14  4.968E+14  4.086E+14  2.549E+14  4.190E+13
  615.0000  6.640E+14  6.638E+14  6.633E+14  6.624E+14  6.611E+14  6.591E+14  6.565E+14  6.527E+14  6.479E+14  6.414E+14  6.325E+14  6.203E+14  6.036E+14  5.801E+14  5.460E+14  4.942E+14  4.094E+14  2.597E+14  4.480E+13
  620.0000  6.781E+14  6.780E+14  6.775E+14  6.766E+14  6.753E+14  6.733E+14  6.707E+14  6.670E+14  6.622E+14  6.558E+14  6.469E+14  6.349E+14  6.184E+14  5.951E+14  5.612E+14  5.096E+14  4.247E+14  2.733E+14  4.919E+13
  625.0000  6.678E+14  6.677E+14  6.672E+14  6.663E+14  6.651E+14  6.632E+14  6.607E+14  6.572E+14  6.526E+14  6.464E+14  6.379E+14  6.264E+14  6.105E+14  5.881E+14  5.556E+14  5.058E+14  4.238E+14  2.760E+14  5.156E+13
  630.0000  6.731E+14  6.729E+14  6.725E+14  6.716E+14  6.704E+14  6.686E+14  6.661E+14  6.626E+14  6.581E+14  6.521E+14  6.438E+14  6.325E+14  6.169E+14  5.950E+14  5.630E+14  5.140E+14  4.329E+14  2.855E+14  5.542E+13
  635.0000  6.728E+14  6.727E+14  6.722E+14  6.714E+14  6.702E+14  6.685E+14  6.661E+14  6.627E+14  6.584E+14  6.525E+14  6.445E+14  6.335E+14  6.184E+14  5.971E+14  5.660E+14  5.183E+14  4.390E+14  2.933E+14  5.921E+13
  640.0000  6.695E+14  6.694E+14  6.689E+14  6.681E+14  6.670E+14  6.653E+14  6.630E+14  6.598E+14  6.556E+14  6.500E+14  6.422E+14  6.317E+14  6.171E+14  5.965E+14  5.665E+14  5.203E+14  4.432E+14  3.000E+14  6.297E+13
  644.8000  6.699E+14  6.697E+14  6.693E+14  6.685E+14  6.674E+14  6.658E+14  6.635E+14  6.604E+14  6.563E+14  6.509E+14  6.433E+14  6.331E+14  6.189E+14  5.989E+14  5.697E+14  5.246E+14  4.490E+14  3.074E+14  6.685E+13
  651.0500  6.667E+14  6.665E+14  6.661E+14  6.654E+14  6.643E+14  6.627E+14  6.606E+14  6.575E+14  6.536E+14  6.483E+14  6.411E+14  6.312E+14  6.175E+14  5.982E+14  5.700E+14  5.264E+14  4.530E+14  3.141E+14  7.113E+13
  660.0000  6.398E+14  6.397E+14  6.393E+14  6.386E+14  6.376E+14  6.361E+14  6.342E+14  6.314E+14  6.278E+14  6.229E+14  6.163E+14  6.073E+14  5.947E+14  5.770E+14  5.511E+14  5.110E+14  4.432E+14  3.128E+14  7.496E+13
  670.0000  6.651E+14  6.650E+14  6.645E+14  6.639E+14  6.629E+14  6.614E+14  6.595E+14  6.568E+14  6.532E+14  6.484E+14  6.419E+14  6.330E+14  6.206E+14  6.032E+14  5.776E+14  5.379E+14  4.704E+14  3.385E+14  8.624E+13
  680.0000  6.611E+14  6.610E+14  6.607E+14  6.600E+14  6.590E+14  6.577E+14  6.558E+14  6.532E+14  6.498E+14  6.453E+14  6.391E+14  6.306E+14  6.189E+14  6.024E+14  5.782E+14  5.405E+14  4.760E+14  3.484E+14  9.374E+13
  690.0000  6.595E+14  6.594E+14  6.591E+14  6.584E+14  6.575E+14  6.562E+14  6.544E+14  6.518E+14  6.486E+14  6.442E+14  6.383E+14  6.302E+14  6.190E+14  6.032E+14  5.800E+14  5.439E+14  4.819E+14  3.578E+14  1.011E+14
  700.0000  6.560E+14  6.559E+14  6.555E+14  6.549E+14  6.540E+14  6.527E+14  6.510E+14  6.486E+14  6.454E+14  6.413E+14  6.356E+14  6.279E+14  6.172E+14  6.021E+14  5.801E+14  5.457E+14  4.863E+14  3.663E+14  1.085E+14
  710.0000  6.481E+14  6.479E+14  6.476E+14  6.470E+14  6.461E+14  6.448E+14  6.431E+14  6.408E+14  6.378E+14  6.338E+14  6.283E+14  6.209E+14  6.107E+14  5.963E+14  5.752E+14  5.423E+14  4.855E+14  3.696E+14  1.139E+14
  720.0000  6.340E+14  6.338E+14  6.335E+14  6.329E+14  6.320E+14  6.308E+14  6.292E+14  6.269E+14  6.240E+14  6.201E+14  6.149E+14  6.079E+14  5.982E+14  5.845E+14  5.645E+14  5.333E+14  4.793E+14  3.684E+14  1.177E+14
  730.0000  6.264E+14  6.263E+14  6.260E+14  6.254E+14  6.246E+14  6.234E+14  6.217E+14  6.196E+14  6.167E+14  6.130E+14  6.080E+14  6.012E+14  5.919E+14  5.788E+14  5.597E+14  5.299E+14  4.782E+14  3.712E+14  1.230E+14
------------------------------------------------------------
Photolysis rate coefficients, s-1
   1 = O3 -> O2 + O(1D)                                  
   2 = NO2 -> NO + O(3P)                                 
   3 = HNO2 -> OH + NO                                   
   4 = HNO3 -> OH + NO2                                  
   5 = Cl2 -> Cl + Cl                                    
   6 = ClOO -> Products                                  
   7 = OClO -> Products                                  
   8 = ClOOCl -> Cl + ClOO                               
   9 = ClNO2 -> Cl + NO2                                 
  10 = Br2 -> Br + Br                                    
  11 = BrO -> Br + O                                     
  12 = HOBr -> OH + Br                                   
  13 = BrNO -> Br + NO                                   
  14 = BrONO -> Br + NO2                                 
  15 = BrONO -> BrO + NO                                 
  16 = BrNO2 -> Br + NO2                                 
  17 = BrONO2 -> BrO + NO2                               
  18 = BrONO2 -> Br + NO3                                
  19 = BrCl -> Br + Cl                                   
values at z =      5.000 km
Columns: sza, photo-reactions
 sza, deg.          1          2          3          4          5          6          7          8          9         10         11         12         13         14         15         16         17         18         19
    0.0000  6.933E-05  1.420E-02  2.461E-03  1.135E-06  3.935E-03  0.000E+00  1.296E-01  3.000E-03  8.618E-04  4.287E-02  6.558E-02  3.453E-03  3.133E-02  2.063E-02  2.063E-02  7.109E-03  3.334E-04  1.889E-03  1.538E-02
    5.0000  6.884E-05  1.419E-02  2.459E-03  1.129E-06  3.930E-03  0.000E+00  1.295E-01  2.995E-03  8.602E-04  4.286E-02  6.549E-02  3.450E-03  3.131E-02  2.059E-02  2.059E-02  7.104E-03  3.330E-04  1.887E-03  1.537E-02
   10.0000  6.738E-05  1.415E-02  2.452E-03  1.114E-06  3.916E-03  0.000E+00  1.292E-01  2.979E-03  8.555E-04  4.283E-02  6.520E-02  3.440E-03  3.127E-02  2.049E-02  2.049E-02  7.089E-03  3.319E-04  1.881E-03  1.535E-02
   15.0000  6.497E-05  1.409E-02  2.440E-03  1.087E-06  3.890E-03  0.000E+00  1.286E-01  2.951E-03  8.475E-04  4.276E-02  6.471E-02  3.423E-03  3.120E-02  2.031E-02  2.031E-02  7.062E-03  3.300E-04  1.870E-03  1.531E-02
   20.0000  6.166E-05  1.400E-02  2.423E-03  1.051E-06  3.852E-03  0.000E+00  1.277E-01  2.911E-03  8.358E-04  4.265E-02  6.398E-02  3.398E-03  3.110E-02  2.005E-02  2.005E-02  7.021E-03  3.271E-04  1.853E-03  1.525E-02
   25.0000  5.749E-05  1.387E-02  2.398E-03  1.004E-06  3.800E-03  0.000E+00  1.265E-01  2.858E-03  8.201E-04  4.249E-02  6.299E-02  3.363E-03  3.095E-02  1.969E-02  1.969E-02  6.964E-03  3.231E-04  1.831E-03  1.515E-02
   30.0000  5.256E-05  1.370E-02  2.364E-03  9.461E-07  3.732E-03  0.000E+00  1.248E-01  2.789E-03  7.998E-04  4.226E-02  6.168E-02  3.316E-03  3.073E-02  1.923E-02  1.923E-02  6.886E-03  3.180E-04  1.802E-03  1.503E-02
   35.0000  4.692E-05  1.346E-02  2.318E-03  8.775E-07  3.641E-03  0.000E+00  1.226E-01  2.700E-03  7.738E-04  4.193E-02  5.997E-02  3.253E-03  3.044E-02  1.863E-02  1.863E-02  6.780E-03  3.111E-04  1.763E-03  1.485E-02
   40.0000  4.080E-05  1.316E-02  2.260E-03  8.004E-07  3.529E-03  0.000E+00  1.197E-01  2.594E-03  7.423E-04  4.147E-02  5.785E-02  3.175E-03  3.005E-02  1.791E-02  1.791E-02  6.643E-03  3.026E-04  1.715E-03  1.461E-02
   45.0000  3.440E-05  1.276E-02  2.186E-03  7.150E-07  3.388E-03  0.000E+00  1.160E-01  2.465E-03  7.042E-04  4.085E-02  5.524E-02  3.076E-03  2.954E-02  1.702E-02  1.702E-02  6.467E-03  2.920E-04  1.655E-03  1.430E-02
   50.0000  2.781E-05  1.225E-02  2.089E-03  6.208E-07  3.210E-03  0.000E+00  1.112E-01  2.306E-03  6.574E-04  3.998E-02  5.195E-02  2.948E-03  2.885E-02  1.592E-02  1.592E-02  6.235E-03  2.785E-04  1.578E-03  1.388E-02
   55.0000  2.135E-05  1.159E-02  1.965E-03  5.203E-07  2.988E-03  0.000E+00  1.051E-01  2.116E-03  6.012E-04  3.879E-02  4.788E-02  2.785E-03  2.794E-02  1.458E-02  1.458E-02  5.933E-03  2.617E-04  1.483E-03  1.331E-02
   60.0000  1.531E-05  1.074E-02  1.807E-03  4.158E-07  2.713E-03  0.000E+00  9.720E-02  1.888E-03  5.340E-04  3.716E-02  4.290E-02  2.580E-03  2.671E-02  1.296E-02  1.296E-02  5.541E-03  2.407E-04  1.364E-03  1.257E-02
   65.0000  1.002E-05  9.635E-03  1.604E-03  3.109E-07  2.373E-03  0.000E+00  8.708E-02  1.618E-03  4.545E-04  3.490E-02  3.684E-02  2.319E-03  2.506E-02  1.103E-02  1.103E-02  5.031E-03  2.144E-04  1.215E-03  1.157E-02
   70.0000  5.793E-06  8.211E-03  1.346E-03  2.108E-07  1.956E-03  0.000E+00  7.411E-02  1.301E-03  3.618E-04  3.172E-02  2.958E-02  1.988E-03  2.280E-02  8.763E-03  8.763E-03  4.362E-03  1.818E-04  1.030E-03  1.022E-02
   75.0000  2.821E-06  6.382E-03  1.022E-03  1.226E-07  1.455E-03  0.000E+00  5.757E-02  9.389E-04  2.572E-04  2.714E-02  2.116E-02  1.568E-03  1.962E-02  6.187E-03  6.187E-03  3.483E-03  1.413E-04  8.006E-04  8.386E-03
   80.0000  1.093E-06  4.106E-03  6.349E-04  5.523E-08  8.878E-04  0.000E+00  3.717E-02  5.514E-04  1.477E-04  2.033E-02  1.215E-02  1.047E-03  1.502E-02  3.500E-03  3.500E-03  2.344E-03  9.238E-05  5.235E-04  5.888E-03
   85.0000  3.159E-07  1.676E-03  2.508E-04  1.659E-08  3.519E-04  0.000E+00  1.540E-02  2.099E-04  5.501E-05  1.042E-02  4.526E-03  4.650E-04  8.325E-03  1.289E-03  1.289E-03  1.018E-03  3.980E-05  2.255E-04  2.740E-03
   90.0000  5.668E-08  2.706E-04  4.319E-05  2.612E-09  5.808E-05  0.000E+00  2.430E-03  3.533E-05  9.389E-06  1.306E-03  7.923E-04  6.767E-05  1.269E-03  2.261E-04  2.261E-04  1.493E-04  5.899E-06  3.343E-05  3.773E-04
------------------------------------------------------------
