Spectral actinic flux, quanta cm-2 s-1 nm-1
values at z =      1.000 km
Columns: wavelength (nm), solar zenith angles (deg.)
    wc, nm      0.000      5.000     10.000     15.000     20.000     25.000     30.000     35.000     40.000     45.000     50.000     55.000     60.000     65.000     70.000     75.000     80.000     85.000     90.000
  120.7000  0.000E+00  0.000E+00  0.000E+00  0.000E+00  0.000E+00  0.000E+00  0.000E+00  0.000E+00  0.000E+00  0.000E+00  0.000E+00  0.000E+00  0.000E+00  0.000E+00  0.000E+00  0.000E+00  0.000E+00  0.000E+00  0.000E+00
  121.6500  0.000E+00  0.000E+00  0.000E+00  0.000E+00  0.000E+00  0.000E+00  0.000E+00  0.000E+00  0.000E+00  0.000E+00  0.000E+00  0.000E+00  0.000E+00  0.000E+00  0.000E+00  0.000E+00  0.000E+00  0.000E+00  0.000E+00
  122.1000  0.000E+00  0.000E+00  0.000E+00  0.000E+00  0.000E+00  0.000E+00  0.000E+00  0.000E+00  0.000E+00  0.000E+00  0.000E+00  0.000E+00  0.000E+00  0.000E+00  0.000E+00  0.000E+00  0.000E+00  0.000E+00  0.000E+00
  122.7000  0.000E+00  0.000E+00  0.000E+00  0.000E+00  0.000E+00  0.000E+00  0.000E+00  0.000E+00  0.000E+00  0.000E+00  0.000E+00  0.000E+00  0.000E+00  0.000E+00  0.000E+00  0.000E+00  0.000E+00  0.000E+00  0.000E+00
  123.4500  0.000E+00  0.000E+00  0.000E+00  0.000E+00  0.000E+00  0.000E+00  0.000E+00  0.000E+00  0.000E+00  0.000E+00  0.000E+00  0.000E+00  0.000E+00  0.000E+00  0.000E+00  0.000E+00  0.000E+00  0.000E+00  0.000E+00
  124.2000  0.000E+00  0.000E+00  0.000E+00  0.000E+00  0.000E+00  0.000E+00  0.000E+00  0.000E+00  0.000E+00  0.000E+00  0.000E+00  0.000E+00  0.000E+00  0.000E+00  0.000E+00  0.000E+00  0.000E+00  0.000E+00  0.000E+00
  125.0000  0.000E+00  0.000E+00  0.000E+00  0.000E+00  0.000E+00  0.000E+00  0.000E+00  0.000E+00  0.000E+00  0.000E+00  0.000E+00  0.000E+00  0.000E+00  0.000E+00  0.000E+00  0.000E+00  0.000E+00  0.000E+00  0.000E+00
  125.8000  0.000E+00  0.000E+00  0.000E+00  0.000E+00  0.000E+00  0.000E+00  0.000E+00  0.000E+00  0.000E+00  0.000E+00  0.000E+00  0.000E+00  0.000E+00  0.000E+00  0.000E+00  0.000E+00  0.000E+00  0.000E+00  0.000E+00
  126.6000  0.000E+00  0.000E+00  0.000E+00  0.000E+00  0.000E+00  0.000E+00  0.000E+00  0.000E+00  0.000E+00  0.000E+00  0.000E+00  0.000E+00  0.000E+00  0.000E+00  0.000E+00  0.000E+00  0.000E+00  0.000E+00  0.000E+00
  127.8000  0.000E+00  0.000E+00  0.000E+00  0.000E+00  0.000E+00  0.000E+00  0.000E+00  0.000E+00  0.000E+00  0.000E+00  0.000E+00  0.000E+00  0.000E+00  0.000E+00  0.000E+00  0.000E+00  0.000E+00  0.000E+00  0.000E+00
  129.0000  0.000E+00  0.000E+00  0.000E+00  0.000E+00  0.000E+00  0.000E+00  0.000E+00  0.000E+00  0.000E+00  0.000E+00  0.000E+00  0.000E+00  0.000E+00  0.000E+00  0.000E+00  0.000E+00  0.000E+00  0.000E+00  0.000E+00
  129.8500  0.000E+00  0.000E+00  0.000E+00  0.000E+00  0.000E+00  0.000E+00  0.000E+00  0.000E+00  0.000E+00  0.000E+00  0.000E+00  0.000E+00  0.000E+00  0.000E+00  0.000E+00  0.000E+00  0.000E+00  0.000E+00  0.000E+00
  131.1500  0.000E+00  0.000E+00  0.000E+00  0.000E+00  0.000E+00  0.000E+00  0.000E+00  0.000E+00  0.000E+00  0.000E+00  0.000E+00  0.000E+00  0.000E+00  0.000E+00  0.000E+00  0.000E+00  0.000E+00  0.000E+00  0.000E+00
  133.5000  0.000E+00  0.000E+00  0.000E+00  0.000E+00  0.000E+00  0.000E+00  0.000E+00  0.000E+00  0.000E+00  0.000E+00  0.000E+00  0.000E+00  0.000E+00  0.000E+00  0.000E+00  0.000E+00  0.000E+00  0.000E+00  0.000E+00
  136.0000  0.000E+00  0.000E+00  0.000E+00  0.000E+00  0.000E+00  0.000E+00  0.000E+00  0.000E+00  0.000E+00  0.000E+00  0.000E+00  0.000E+00  0.000E+00  0.000E+00  0.000E+00  0.000E+00  0.000E+00  0.000E+00  0.000E+00
  141.0000  0.000E+00  0.000E+00  0.000E+00  0.000E+00  0.000E+00  0.000E+00  0.000E+00  0.000E+00  0.000E+00  0.000E+00  0.000E+00  0.000E+00  0.000E+00  0.000E+00  0.000E+00  0.000E+00  0.000E+00  0.000E+00  0.000E+00
  150.0000  0.000E+00  0.000E+00  0.000E+00  0.000E+00  0.000E+00  0.000E+00  0.000E+00  0.000E+00  0.000E+00  0.000E+00  0.000E+00  0.000E+00  0.000E+00  0.000E+00  0.000E+00  0.000E+00  0.000E+00  0.000E+00  0.000E+00
  160.0000  0.000E+00  0.000E+00  0.000E+00  0.000E+00  0.000E+00  0.000E+00  0.000E+00  0.000E+00  0.000E+00  0.000E+00  0.000E+00  0.000E+00  0.000E+00  0.000E+00  0.000E+00  0.000E+00  0.000E+00  0.000E+00  0.000E+00
  167.5000  0.000E+00  0.000E+00  0.000E+00  0.000E+00  0.000E+00  0.000E+00  0.000E+00  0.000E+00  0.000E+00  0.000E+00  0.000E+00  0.000E+00  0.000E+00  0.000E+00  0.000E+00  0.000E+00  0.000E+00  0.000E+00  0.000E+00
  172.2000  0.000E+00  0.000E+00  0.000E+00  0.000E+00  0.000E+00  0.000E+00  0.000E+00  0.000E+00  0.000E+00  0.000E+00  0.000E+00  0.000E+00  0.000E+00  0.000E+00  0.000E+00  0.000E+00  0.000E+00  0.000E+00  0.000E+00
  175.7000  0.000E+00  0.000E+00  0.000E+00  0.000E+00  0.000E+00  0.000E+00  0.000E+00  0.000E+00  0.000E+00  0.000E+00  0.000E+00  0.000E+00  0.000E+00  0.000E+00  0.000E+00  0.000E+00  0.000E+00  0.000E+00  0.000E+00
  177.8000  0.000E+00  0.000E+00  0.000E+00  0.000E+00  0.000E+00  0.000E+00  0.000E+00  0.000E+00  0.000E+00  0.000E+00  0.000E+00  0.000E+00  0.000E+00  0.000E+00  0.000E+00  0.000E+00  0.000E+00  0.000E+00  0.000E+00
  179.4000  0.000E+00  0.000E+00  0.000E+00  0.000E+00  0.000E+00  0.000E+00  0.000E+00  0.000E+00  0.000E+00  0.000E+00  0.000E+00  0.000E+00  0.000E+00  0.000E+00  0.000E+00  0.000E+00  0.000E+00  0.000E+00  0.000E+00
  181.0000  0.000E+00  0.000E+00  0.000E+00  0.000E+00  0.000E+00  0.000E+00  0.000E+00  0.000E+00  0.000E+00  0.000E+00  0.000E+00  0.000E+00  0.000E+00  0.000E+00  0.000E+00  0.000E+00  0.000E+00  0.000E+00  0.000E+00
  182.6500  0.000E+00  0.000E+00  0.000E+00  0.000E+00  0.000E+00  0.000E+00  0.000E+00  0.000E+00  0.000E+00  0.000E+00  0.000E+00  0.000E+00  0.000E+00  0.000E+00  0.000E+00  0.000E+00  0.000E+00  0.000E+00  0.000E+00
  184.3500  0.000E+00  0.000E+00  0.000E+00  0.000E+00  0.000E+00  0.000E+00  0.000E+00  0.000E+00  0.000E+00  0.000E+00  0.000E+00  0.000E+00  0.000E+00  0.000E+00  0.000E+00  0.000E+00  0.000E+00  0.000E+00  0.000E+00
  186.0500  0.000E+00  0.000E+00  0.000E+00  0.000E+00  0.000E+00  0.000E+00  0.000E+00  0.000E+00  0.000E+00  0.000E+00  0.000E+00  0.000E+00  0.000E+00  0.000E+00  0.000E+00  0.000E+00  0.000E+00  0.000E+00  0.000E+00
  187.8000  0.000E+00  0.000E+00  0.000E+00  0.000E+00  0.000E+00  0.000E+00  0.000E+00  0.000E+00  0.000E+00  0.000E+00  0.000E+00  0.000E+00  0.000E+00  0.000E+00  0.000E+00  0.000E+00  0.000E+00  0.000E+00  0.000E+00
  189.6000  0.000E+00  0.000E+00  0.000E+00  0.000E+00  0.000E+00  0.000E+00  0.000E+00  0.000E+00  0.000E+00  0.000E+00  0.000E+00  0.000E+00  0.000E+00  0.000E+00  0.000E+00  0.000E+00  0.000E+00  0.000E+00  0.000E+00
  191.4000  0.000E+00  0.000E+00  0.000E+00  0.000E+00  0.000E+00  0.000E+00  0.000E+00  0.000E+00  0.000E+00  0.000E+00  0.000E+00  0.000E+00  0.000E+00  0.000E+00  0.000E+00  0.000E+00  0.000E+00  0.000E+00  0.000E+00
  193.2500  0.000E+00  0.000E+00  0.000E+00  0.000E+00  0.000E+00  0.000E+00  0.000E+00  0.000E+00  0.000E+00  0.000E+00  0.000E+00  0.000E+00  0.000E+00  0.000E+00  0.000E+00  0.000E+00  0.000E+00  0.000E+00  0.000E+00
  195.1500  0.000E+00  0.000E+00  0.000E+00  0.000E+00  0.000E+00  0.000E+00  0.000E+00  0.000E+00  0.000E+00  0.000E+00  0.000E+00  0.000E+00  0.000E+00  0.000E+00  0.000E+00  0.000E+00  0.000E+00  0.000E+00  0.000E+00
  197.0500  0.000E+00  0.000E+00  0.000E+00  0.000E+00  0.000E+00  0.000E+00  0.000E+00  0.000E+00  0.000E+00  0.000E+00  0.000E+00  0.000E+00  0.000E+00  0.000E+00  0.000E+00  0.000E+00  0.000E+00  0.000E+00  0.000E+00
  199.0000  0.000E+00  0.000E+00  0.000E+00  0.000E+00  0.000E+00  0.000E+00  0.000E+00  0.000E+00  0.000E+00  0.000E+00  0.000E+00  0.000E+00  0.000E+00  0.000E+00  0.000E+00  0.000E+00  0.000E+00  0.000E+00  0.000E+00
  201.0000  0.000E+00  0.000E+00  0.000E+00  0.000E+00  0.000E+00  0.000E+00  0.000E+00  0.000E+00  0.000E+00  0.000E+00  0.000E+00  0.000E+00  0.000E+00  0.000E+00  0.000E+00  0.000E+00  0.000E+00  0.000E+00  0.000E+00
  203.0500  0.000E+00  0.000E+00  0.000E+00  0.000E+00  0.000E+00  0.000E+00  0.000E+00  0.000E+00  0.000E+00  0.000E+00  0.000E+00  0.000E+00  0.000E+00  0.000E+00  0.000E+00  0.000E+00  0.000E+00  0.000E+00  0.000E+00
  204.9500  0.000E+00  0.000E+00  0.000E+00  0.000E+00  0.000E+00  0.000E+00  0.000E+00  0.000E+00  0.000E+00  0.000E+00  0.000E+00  0.000E+00  0.000E+00  0.000E+00  0.000E+00  0.000E+00  0.000E+00  0.000E+00  0.000E+00
  207.0665  0.000E+00  0.000E+00  0.000E+00  0.000E+00  0.000E+00  0.000E+00  0.000E+00  0.000E+00  0.000E+00  0.000E+00  0.000E+00  0.000E+00  0.000E+00  0.000E+00  0.000E+00  0.000E+00  0.000E+00  0.000E+00  0.000E+00
  209.4295  0.000E+00  0.000E+00  0.000E+00  0.000E+00  0.000E+00  0.000E+00  0.000E+00  0.000E+00  0.000E+00  0.000E+00  0.000E+00  0.000E+00  0.000E+00  0.000E+00  0.000E+00  0.000E+00  0.000E+00  0.000E+00  0.000E+00
  211.6460  0.000E+00  0.000E+00  0.000E+00  0.000E+00  0.000E+00  0.000E+00  0.000E+00  0.000E+00  0.000E+00  0.000E+00  0.000E+00  0.000E+00  0.000E+00  0.000E+00  0.000E+00  0.000E+00  0.000E+00  0.000E+00  0.000E+00
  213.9100  0.000E+00  0.000E+00  0.000E+00  0.000E+00  0.000E+00  0.000E+00  0.000E+00  0.000E+00  0.000E+00  0.000E+00  0.000E+00  0.000E+00  0.000E+00  0.000E+00  0.000E+00  0.000E+00  0.000E+00  0.000E+00  0.000E+00
  216.2225  0.000E+00  0.000E+00  0.000E+00  0.000E+00  0.000E+00  0.000E+00  0.000E+00  0.000E+00  0.000E+00  0.000E+00  0.000E+00  0.000E+00  0.000E+00  0.000E+00  0.000E+00  0.000E+00  0.000E+00  0.000E+00  0.000E+00
  218.5855  0.000E+00  0.000E+00  0.000E+00  0.000E+00  0.000E+00  0.000E+00  0.000E+00  0.000E+00  0.000E+00  0.000E+00  0.000E+00  0.000E+00  0.000E+00  0.000E+00  0.000E+00  0.000E+00  0.000E+00  0.000E+00  0.000E+00
  221.0010  0.000E+00  0.000E+00  0.000E+00  0.000E+00  0.000E+00  0.000E+00  0.000E+00  0.000E+00  0.000E+00  0.000E+00  0.000E+00  0.000E+00  0.000E+00  0.000E+00  0.000E+00  0.000E+00  0.000E+00  0.000E+00  0.000E+00
  223.4705  0.000E+00  0.000E+00  0.000E+00  0.000E+00  0.000E+00  0.000E+00  0.000E+00  0.000E+00  0.000E+00  0.000E+00  0.000E+00  0.000E+00  0.000E+00  0.000E+00  0.000E+00  0.000E+00  0.000E+00  0.000E+00  0.000E+00
  225.9960  0.000E+00  0.000E+00  0.000E+00  0.000E+00  0.000E+00  0.000E+00  0.000E+00  0.000E+00  0.000E+00  0.000E+00  0.000E+00  0.000E+00  0.000E+00  0.000E+00  0.000E+00  0.000E+00  0.000E+00  0.000E+00  0.000E+00
  228.5790  0.000E+00  0.000E+00  0.000E+00  0.000E+00  0.000E+00  0.000E+00  0.000E+00  0.000E+00  0.000E+00  0.000E+00  0.000E+00  0.000E+00  0.000E+00  0.000E+00  0.000E+00  0.000E+00  0.000E+00  0.000E+00  0.000E+00
  231.2215  0.000E+00  0.000E+00  0.000E+00  0.000E+00  0.000E+00  0.000E+00  0.000E+00  0.000E+00  0.000E+00  0.000E+00  0.000E+00  0.000E+00  0.000E+00  0.000E+00  0.000E+00  0.000E+00  0.000E+00  0.000E+00  0.000E+00
  233.9260  0.000E+00  0.000E+00  0.000E+00  0.000E+00  0.000E+00  0.000E+00  0.000E+00  0.000E+00  0.000E+00  0.000E+00  0.000E+00  0.000E+00  0.000E+00  0.000E+00  0.000E+00  0.000E+00  0.000E+00  0.000E+00  0.000E+00
  236.6945  0.000E+00  0.000E+00  0.000E+00  0.000E+00  0.000E+00  0.000E+00  0.000E+00  0.000E+00  0.000E+00  0.000E+00  0.000E+00  0.000E+00  0.000E+00  0.000E+00  0.000E+00  0.000E+00  0.000E+00  0.000E+00  0.000E+00
  239.5295  0.000E+00  0.000E+00  0.000E+00  0.000E+00  0.000E+00  0.000E+00  0.000E+00  0.000E+00  0.000E+00  0.000E+00  0.000E+00  0.000E+00  0.000E+00  0.000E+00  0.000E+00  0.000E+00  0.000E+00  0.000E+00  0.000E+00
  242.4330  0.000E+00  0.000E+00  0.000E+00  0.000E+00  0.000E+00  0.000E+00  0.000E+00  0.000E+00  0.000E+00  0.000E+00  0.000E+00  0.000E+00  0.000E+00  0.000E+00  0.000E+00  0.000E+00  0.000E+00  0.000E+00  0.000E+00
  245.4080  0.000E+00  0.000E+00  0.000E+00  0.000E+00  0.000E+00  0.000E+00  0.000E+00  0.000E+00  0.000E+00  0.000E+00  0.000E+00  0.000E+00  0.000E+00  0.000E+00  0.000E+00  0.000E+00  0.000E+00  0.000E+00  0.000E+00
  248.4570  0.000E+00  0.000E+00  0.000E+00  0.000E+00  0.000E+00  0.000E+00  0.000E+00  0.000E+00  0.000E+00  0.000E+00  0.000E+00  0.000E+00  0.000E+00  0.000E+00  0.000E+00  0.000E+00  0.000E+00  0.000E+00  0.000E+00
  251.5825  0.000E+00  0.000E+00  0.000E+00  0.000E+00  0.000E+00  0.000E+00  0.000E+00  0.000E+00  0.000E+00  0.000E+00  0.000E+00  0.000E+00  0.000E+00  0.000E+00  0.000E+00  0.000E+00  0.000E+00  0.000E+00  0.000E+00
  254.7875  0.000E+00  0.000E+00  0.000E+00  0.000E+00  0.000E+00  0.000E+00  0.000E+00  0.000E+00  0.000E+00  0.000E+00  0.000E+00  0.000E+00  0.000E+00  0.000E+00  0.000E+00  0.000E+00  0.000E+00  0.000E+00  0.000E+00
  258.0750  0.000E+00  0.000E+00  0.000E+00  0.000E+00  0.000E+00  0.000E+00  0.000E+00  0.000E+00  0.000E+00  0.000E+00  0.000E+00  0.000E+00  0.000E+00  0.000E+00  0.000E+00  0.000E+00  0.000E+00  0.000E+00  0.000E+00
  261.4490  0.000E+00  0.000E+00  0.000E+00  0.000E+00  0.000E+00  0.000E+00  0.000E+00  0.000E+00  0.000E+00  0.000E+00  0.000E+00  0.000E+00  0.000E+00  0.000E+00  0.000E+00  0.000E+00  0.000E+00  0.000E+00  0.000E+00
  264.9125  0.000E+00  0.000E+00  0.000E+00  0.000E+00  0.000E+00  0.000E+00  0.000E+00  0.000E+00  0.000E+00  0.000E+00  0.000E+00  0.000E+00  0.000E+00  0.000E+00  0.000E+00  0.000E+00  0.000E+00  0.000E+00  0.000E+00
  268.4685  0.000E+00  0.000E+00  0.000E+00  0.000E+00  0.000E+00  0.000E+00  0.000E+00  0.000E+00  0.000E+00  0.000E+00  0.000E+00  0.000E+00  0.000E+00  0.000E+00  0.000E+00  0.000E+00  0.000E+00  0.000E+00  0.000E+00
  272.1215  0.000E+00  0.000E+00  0.000E+00  0.000E+00  0.000E+00  0.000E+00  0.000E+00  0.000E+00  0.000E+00  0.000E+00  0.000E+00  0.000E+00  0.000E+00  0.000E+00  0.000E+00  0.000E+00  0.000E+00  0.000E+00  0.000E+00
  275.8755  0.000E+00  0.000E+00  0.000E+00  0.000E+00  0.000E+00  0.000E+00  0.000E+00  0.000E+00  0.000E+00  0.000E+00  0.000E+00  0.000E+00  0.000E+00  0.000E+00  0.000E+00  0.000E+00  0.000E+00  0.000E+00  0.000E+00
  279.7340  0.000E+00  0.000E+00  0.000E+00  0.000E+00  0.000E+00  0.000E+00  0.000E+00  0.000E+00  0.000E+00  0.000E+00  0.000E+00  0.000E+00  0.000E+00  0.000E+00  0.000E+00  0.000E+00  0.000E+00  0.000E+00  0.000E+00
  283.7020  0.000E+00  0.000E+00  0.000E+00  0.000E+00  0.000E+00  0.000E+00  0.000E+00  0.000E+00  0.000E+00  0.000E+00  0.000E+00  0.000E+00  0.000E+00  0.000E+00  0.000E+00  0.000E+00  0.000E+00  0.000E+00  0.000E+00
  287.7845  0.000E+00  0.000E+00  0.000E+00  0.000E+00  0.000E+00  0.000E+00  0.000E+00  0.000E+00  0.000E+00  0.000E+00  0.000E+00  0.000E+00  0.000E+00  0.000E+00  0.000E+00  0.000E+00  0.000E+00  0.000E+00  0.000E+00
  291.9865  1.443E+10  1.392E+10  1.249E+10  1.037E+10  7.912E+09  5.490E+09  3.410E+09  1.847E+09  8.568E+08  3.280E+08  1.000E+08  2.582E+07  7.879E+06  3.947E+06  2.532E+06  1.700E+06  1.136E+06  6.936E+05  2.822E+05
  296.3090  6.337E+11  6.201E+11  5.806E+11  5.189E+11  4.407E+11  3.533E+11  2.649E+11  1.827E+11  1.144E+11  6.349E+10  3.002E+10  1.171E+10  3.761E+09  1.178E+09  5.172E+08  3.046E+08  1.889E+08  1.082E+08  4.213E+07
  300.5000  5.286E+12  5.216E+12  5.007E+12  4.670E+12  4.219E+12  3.677E+12  3.073E+12  2.438E+12  1.818E+12  1.257E+12  7.823E+11  4.249E+11  1.929E+11  7.063E+10  2.227E+10  8.402E+09  4.334E+09  2.241E+09  8.032E+08
  303.0000  1.770E+13  1.752E+13  1.699E+13  1.612E+13  1.493E+13  1.345E+13  1.174E+13  9.876E+12  7.888E+12  5.962E+12  4.154E+12  2.603E+12  1.412E+12  6.290E+11  2.211E+11  6.817E+10  2.650E+10  1.226E+10  4.050E+09
  304.0000  2.038E+13  2.019E+13  1.962E+13  1.869E+13  1.742E+13  1.582E+13  1.396E+13  1.185E+13  9.666E+12  7.464E+12  5.345E+12  3.469E+12  1.967E+12  9.251E+11  3.425E+11  1.046E+11  3.702E+10  1.630E+10  5.232E+09
  305.0000  2.970E+13  2.945E+13  2.871E+13  2.749E+13  2.581E+13  2.369E+13  2.117E+13  1.836E+13  1.523E+13  1.209E+13  8.959E+12  6.079E+12  3.649E+12  1.845E+12  7.387E+11  2.315E+11  7.284E+10  2.921E+10  8.933E+09
  306.0000  2.911E+13  2.889E+13  2.822E+13  2.711E+13  2.557E+13  2.363E+13  2.130E+13  1.863E+13  1.571E+13  1.269E+13  9.618E+12  6.717E+12  4.185E+12  2.219E+12  9.398E+11  3.051E+11  9.030E+10  3.338E+10  9.819E+09
  307.0000  3.914E+13  3.887E+13  3.805E+13  3.668E+13  3.478E+13  3.235E+13  2.943E+13  2.602E+13  2.229E+13  1.833E+13  1.423E+13  1.025E+13  6.644E+12  3.711E+12  1.675E+12  5.744E+11  1.632E+11  5.410E+10  1.508E+10
  308.0000  4.774E+13  4.744E+13  4.652E+13  4.499E+13  4.286E+13  4.013E+13  3.681E+13  3.289E+13  2.855E+13  2.388E+13  1.895E+13  1.403E+13  9.438E+12  5.533E+12  2.657E+12  9.716E+11  2.747E+11  8.140E+10  2.126E+10
  309.0000  5.066E+13  5.036E+13  4.944E+13  4.791E+13  4.576E+13  4.300E+13  3.963E+13  3.560E+13  3.117E+13  2.632E+13  2.115E+13  1.591E+13  1.093E+13  6.585E+12  3.277E+12  1.246E+12  3.559E+11  9.885E+10  2.466E+10
  310.0000  5.185E+13  5.157E+13  5.073E+13  4.932E+13  4.734E+13  4.477E+13  4.161E+13  3.780E+13  3.354E+13  2.882E+13  2.367E+13  1.833E+13  1.308E+13  8.293E+12  4.419E+12  1.829E+12  5.509E+11  1.381E+11  3.080E+10
  311.0000  8.870E+13  8.824E+13  8.688E+13  8.458E+13  8.135E+13  7.715E+13  7.197E+13  6.570E+13  5.863E+13  5.075E+13  4.208E+13  3.299E+13  2.392E+13  1.549E+13  8.496E+12  3.645E+12  1.131E+12  2.747E+11  5.796E+10
  312.0000  8.100E+13  8.062E+13  7.946E+13  7.752E+13  7.476E+13  7.118E+13  6.674E+13  6.128E+13  5.516E+13  4.824E+13  4.053E+13  3.232E+13  2.396E+13  1.600E+13  9.141E+12  4.140E+12  1.359E+12  3.219E+11  6.184E+10
  313.0000  9.258E+13  9.217E+13  9.095E+13  8.889E+13  8.597E+13  8.215E+13  7.740E+13  7.157E+13  6.489E+13  5.732E+13  4.878E+13  3.955E+13  2.997E+13  2.061E+13  1.226E+13  5.873E+12  2.057E+12  4.899E+11  8.508E+10
  314.0000  1.020E+14  1.016E+14  1.003E+14  9.809E+13  9.498E+13  9.091E+13  8.583E+13  7.955E+13  7.239E+13  6.421E+13  5.493E+13  4.485E+13  3.429E+13  2.386E+13  1.443E+13  7.064E+12  2.535E+12  6.081E+11  1.013E+11
  316.0000  1.078E+14  1.074E+14  1.062E+14  1.042E+14  1.013E+14  9.748E+13  9.269E+13  8.671E+13  7.981E+13  7.182E+13  6.260E+13  5.235E+13  4.132E+13  3.001E+13  1.926E+13  1.025E+13  4.116E+12  1.075E+12  1.557E+11
  320.0000  1.429E+14  1.424E+14  1.411E+14  1.389E+14  1.356E+14  1.313E+14  1.259E+14  1.190E+14  1.109E+14  1.015E+14  9.029E+13  7.755E+13  6.341E+13  4.828E+13  3.307E+13  1.928E+13  8.818E+12  2.712E+12  3.704E+11
  325.0000  1.872E+14  1.868E+14  1.853E+14  1.828E+14  1.793E+14  1.745E+14  1.684E+14  1.606E+14  1.513E+14  1.402E+14  1.269E+14  1.114E+14  9.373E+13  7.415E+13  5.351E+13  3.357E+13  1.708E+13  6.227E+12  9.656E+11
  330.0000  2.351E+14  2.346E+14  2.330E+14  2.302E+14  2.262E+14  2.208E+14  2.138E+14  2.049E+14  1.942E+14  1.813E+14  1.656E+14  1.472E+14  1.257E+14  1.014E+14  7.515E+13  4.881E+13  2.602E+13  1.028E+13  1.814E+12
  335.0000  2.253E+14  2.249E+14  2.235E+14  2.211E+14  2.175E+14  2.128E+14  2.067E+14  1.988E+14  1.892E+14  1.775E+14  1.633E+14  1.463E+14  1.264E+14  1.035E+14  7.806E+13  5.190E+13  2.847E+13  1.179E+13  2.308E+12
  340.0000  2.455E+14  2.450E+14  2.436E+14  2.412E+14  2.376E+14  2.328E+14  2.265E+14  2.184E+14  2.084E+14  1.964E+14  1.815E+14  1.635E+14  1.423E+14  1.175E+14  8.969E+13  6.042E+13  3.353E+13  1.407E+13  2.882E+12
  345.0000  2.423E+14  2.419E+14  2.406E+14  2.383E+14  2.350E+14  2.305E+14  2.246E+14  2.170E+14  2.076E+14  1.962E+14  1.820E+14  1.648E+14  1.442E+14  1.200E+14  9.239E+13  6.285E+13  3.510E+13  1.475E+13  3.082E+12
  350.0000  2.534E+14  2.530E+14  2.517E+14  2.495E+14  2.462E+14  2.417E+14  2.358E+14  2.282E+14  2.187E+14  2.072E+14  1.927E+14  1.751E+14  1.540E+14  1.288E+14  9.988E+13  6.839E+13  3.824E+13  1.591E+13  3.299E+12
  355.0000  2.681E+14  2.677E+14  2.664E+14  2.642E+14  2.609E+14  2.564E+14  2.505E+14  2.427E+14  2.331E+14  2.213E+14  2.065E+14  1.884E+14  1.664E+14  1.400E+14  1.094E+14  7.550E+13  4.240E+13  1.753E+13  3.641E+12
  360.0000  2.453E+14  2.450E+14  2.438E+14  2.419E+14  2.390E+14  2.351E+14  2.300E+14  2.231E+14  2.147E+14  2.043E+14  1.911E+14  1.749E+14  1.552E+14  1.313E+14  1.033E+14  7.185E+13  4.053E+13  1.661E+13  3.438E+12
  365.0000  3.122E+14  3.118E+14  3.104E+14  3.081E+14  3.046E+14  2.999E+14  2.936E+14  2.853E+14  2.750E+14  2.621E+14  2.459E+14  2.258E+14  2.011E+14  1.711E+14  1.355E+14  9.495E+13  5.381E+13  2.188E+13  4.504E+12
  370.0000  3.249E+14  3.245E+14  3.232E+14  3.209E+14  3.174E+14  3.127E+14  3.065E+14  2.982E+14  2.878E+14  2.749E+14  2.585E+14  2.381E+14  2.129E+14  1.820E+14  1.450E+14  1.024E+14  5.838E+13  2.354E+13  4.812E+12
  375.0000  2.939E+14  2.935E+14  2.924E+14  2.904E+14  2.875E+14  2.834E+14  2.780E+14  2.708E+14  2.617E+14  2.504E+14  2.360E+14  2.180E+14  1.956E+14  1.681E+14  1.348E+14  9.593E+13  5.499E+13  2.201E+13  4.462E+12
  380.0000  3.384E+14  3.380E+14  3.368E+14  3.346E+14  3.314E+14  3.269E+14  3.209E+14  3.129E+14  3.029E+14  2.903E+14  2.742E+14  2.539E+14  2.287E+14  1.974E+14  1.592E+14  1.142E+14  6.589E+13  2.619E+13  5.266E+12
  385.0000  2.556E+14  2.553E+14  2.544E+14  2.528E+14  2.505E+14  2.473E+14  2.430E+14  2.372E+14  2.299E+14  2.206E+14  2.088E+14  1.939E+14  1.752E+14  1.519E+14  1.233E+14  8.906E+13  5.175E+13  2.045E+13  4.074E+12
  390.0000  3.345E+14  3.341E+14  3.330E+14  3.310E+14  3.281E+14  3.241E+14  3.186E+14  3.113E+14  3.021E+14  2.904E+14  2.754E+14  2.563E+14  2.324E+14  2.023E+14  1.651E+14  1.202E+14  7.035E+13  2.766E+13  5.459E+12
  395.0000  2.600E+14  2.598E+14  2.589E+14  2.575E+14  2.553E+14  2.523E+14  2.483E+14  2.428E+14  2.359E+14  2.271E+14  2.157E+14  2.012E+14  1.830E+14  1.600E+14  1.312E+14  9.624E+13  5.678E+13  2.224E+13  4.344E+12
  400.0000  4.840E+14  4.835E+14  4.820E+14  4.795E+14  4.756E+14  4.703E+14  4.630E+14  4.532E+14  4.407E+14  4.248E+14  4.042E+14  3.780E+14  3.447E+14  3.025E+14  2.495E+14  1.843E+14  1.096E+14  4.280E+13  8.273E+12
  405.0000  4.948E+14  4.943E+14  4.929E+14  4.904E+14  4.866E+14  4.814E+14  4.742E+14  4.645E+14  4.522E+14  4.364E+14  4.159E+14  3.897E+14  3.564E+14  3.139E+14  2.603E+14  1.936E+14  1.161E+14  4.524E+13  8.648E+12
  410.0000  5.116E+14  5.112E+14  5.098E+14  5.073E+14  5.036E+14  4.984E+14  4.913E+14  4.816E+14  4.692E+14  4.534E+14  4.328E+14  4.063E+14  3.725E+14  3.293E+14  2.743E+14  2.054E+14  1.242E+14  4.836E+13  9.136E+12
  415.0000  5.347E+14  5.343E+14  5.329E+14  5.304E+14  5.267E+14  5.214E+14  5.143E+14  5.045E+14  4.920E+14  4.759E+14  4.549E+14  4.279E+14  3.933E+14  3.489E+14  2.920E+14  2.201E+14  1.342E+14  5.226E+13  9.757E+12
  420.0000  5.414E+14  5.410E+14  5.396E+14  5.372E+14  5.336E+14  5.285E+14  5.215E+14  5.119E+14  4.997E+14  4.839E+14  4.631E+14  4.364E+14  4.020E+14  3.578E+14  3.008E+14  2.283E+14  1.404E+14  5.470E+13  1.008E+13
  425.0000  5.186E+14  5.182E+14  5.169E+14  5.147E+14  5.114E+14  5.067E+14  5.002E+14  4.913E+14  4.799E+14  4.652E+14  4.458E+14  4.208E+14  3.885E+14  3.468E+14  2.929E+14  2.236E+14  1.386E+14  5.410E+13  9.833E+12
  430.0000  4.801E+14  4.797E+14  4.786E+14  4.767E+14  4.737E+14  4.695E+14  4.637E+14  4.558E+14  4.455E+14  4.322E+14  4.148E+14  3.921E+14  3.628E+14  3.248E+14  2.754E+14  2.116E+14  1.323E+14  5.177E+13  9.290E+12
  435.0000  5.593E+14  5.589E+14  5.577E+14  5.555E+14  5.522E+14  5.475E+14  5.409E+14  5.319E+14  5.203E+14  5.053E+14  4.854E+14  4.596E+14  4.261E+14  3.826E+14  3.257E+14  2.516E+14  1.587E+14  6.230E+13  1.102E+13
  440.0000  5.775E+14  5.771E+14  5.759E+14  5.737E+14  5.704E+14  5.657E+14  5.591E+14  5.501E+14  5.385E+14  5.233E+14  5.032E+14  4.772E+14  4.432E+14  3.990E+14  3.409E+14  2.649E+14  1.683E+14  6.630E+13  1.154E+13
  445.0000  6.227E+14  6.223E+14  6.210E+14  6.187E+14  6.153E+14  6.104E+14  6.035E+14  5.941E+14  5.818E+14  5.659E+14  5.448E+14  5.172E+14  4.813E+14  4.343E+14  3.725E+14  2.910E+14  1.864E+14  7.374E+13  1.263E+13
  450.0000  6.650E+14  6.645E+14  6.632E+14  6.609E+14  6.573E+14  6.522E+14  6.452E+14  6.354E+14  6.226E+14  6.060E+14  5.840E+14  5.552E+14  5.175E+14  4.681E+14  4.029E+14  3.164E+14  2.043E+14  8.126E+13  1.372E+13
  455.0000  6.535E+14  6.531E+14  6.518E+14  6.496E+14  6.462E+14  6.414E+14  6.346E+14  6.252E+14  6.130E+14  5.971E+14  5.759E+14  5.481E+14  5.118E+14  4.640E+14  4.007E+14  3.162E+14  2.057E+14  8.231E+13  1.367E+13
  460.0000  6.750E+14  6.746E+14  6.733E+14  6.711E+14  6.677E+14  6.628E+14  6.560E+14  6.466E+14  6.342E+14  6.180E+14  5.965E+14  5.684E+14  5.314E+14  4.827E+14  4.180E+14  3.312E+14  2.168E+14  8.702E+13  1.410E+13
  465.0000  6.704E+14  6.700E+14  6.688E+14  6.667E+14  6.634E+14  6.587E+14  6.521E+14  6.429E+14  6.310E+14  6.153E+14  5.944E+14  5.669E+14  5.309E+14  4.833E+14  4.198E+14  3.343E+14  2.205E+14  8.915E+13  1.424E+13
  470.0000  6.697E+14  6.693E+14  6.682E+14  6.661E+14  6.630E+14  6.584E+14  6.520E+14  6.430E+14  6.313E+14  6.160E+14  5.955E+14  5.686E+14  5.332E+14  4.864E+14  4.237E+14  3.389E+14  2.251E+14  9.165E+13  1.440E+13
  475.0000  6.806E+14  6.802E+14  6.791E+14  6.770E+14  6.739E+14  6.694E+14  6.630E+14  6.541E+14  6.425E+14  6.272E+14  6.068E+14  5.799E+14  5.445E+14  4.976E+14  4.346E+14  3.491E+14  2.334E+14  9.564E+13  1.474E+13
  480.0000  7.026E+14  7.022E+14  7.010E+14  6.990E+14  6.958E+14  6.912E+14  6.847E+14  6.756E+14  6.638E+14  6.482E+14  6.274E+14  6.000E+14  5.638E+14  5.158E+14  4.513E+14  3.634E+14  2.440E+14  1.001E+14  1.491E+13
  485.0000  6.412E+14  6.408E+14  6.398E+14  6.380E+14  6.351E+14  6.310E+14  6.252E+14  6.171E+14  6.065E+14  5.926E+14  5.739E+14  5.493E+14  5.168E+14  4.735E+14  4.154E+14  3.357E+14  2.268E+14  9.372E+13  1.369E+13
  490.0000  6.711E+14  6.708E+14  6.697E+14  6.679E+14  6.650E+14  6.608E+14  6.549E+14  6.466E+14  6.357E+14  6.214E+14  6.022E+14  5.769E+14  5.434E+14  4.989E+14  4.387E+14  3.561E+14  2.422E+14  1.010E+14  1.456E+13
  495.0000  6.869E+14  6.865E+14  6.855E+14  6.836E+14  6.807E+14  6.765E+14  6.705E+14  6.622E+14  6.513E+14  6.369E+14  6.175E+14  5.920E+14  5.582E+14  5.132E+14  4.523E+14  3.684E+14  2.520E+14  1.058E+14  1.493E+13
  500.0000  6.575E+14  6.572E+14  6.563E+14  6.545E+14  6.517E+14  6.477E+14  6.421E+14  6.342E+14  6.238E+14  6.101E+14  5.918E+14  5.675E+14  5.355E+14  4.927E+14  4.347E+14  3.547E+14  2.434E+14  1.023E+14  1.394E+13
  505.0000  6.703E+14  6.700E+14  6.690E+14  6.672E+14  6.644E+14  6.603E+14  6.546E+14  6.465E+14  6.360E+14  6.221E+14  6.035E+14  5.789E+14  5.463E+14  5.029E+14  4.441E+14  3.627E+14  2.492E+14  1.047E+14  1.366E+13
  510.0000  6.683E+14  6.680E+14  6.670E+14  6.652E+14  6.625E+14  6.585E+14  6.529E+14  6.451E+14  6.348E+14  6.211E+14  6.029E+14  5.788E+14  5.468E+14  5.042E+14  4.462E+14  3.659E+14  2.530E+14  1.074E+14  1.383E+13
  515.0000  6.227E+14  6.224E+14  6.215E+14  6.199E+14  6.174E+14  6.137E+14  6.086E+14  6.014E+14  5.919E+14  5.794E+14  5.626E+14  5.405E+14  5.111E+14  4.718E+14  4.183E+14  3.440E+14  2.391E+14  1.022E+14  1.293E+13
  520.0000  6.431E+14  6.428E+14  6.419E+14  6.402E+14  6.376E+14  6.339E+14  6.287E+14  6.213E+14  6.116E+14  5.988E+14  5.817E+14  5.590E+14  5.289E+14  4.887E+14  4.339E+14  3.576E+14  2.495E+14  1.072E+14  1.320E+13
  525.0000  6.477E+14  6.474E+14  6.464E+14  6.447E+14  6.422E+14  6.384E+14  6.331E+14  6.257E+14  6.160E+14  6.031E+14  5.859E+14  5.631E+14  5.330E+14  4.926E+14  4.376E+14  3.610E+14  2.522E+14  1.084E+14  1.283E+13
  530.0000  6.844E+14  6.841E+14  6.831E+14  6.812E+14  6.785E+14  6.745E+14  6.689E+14  6.610E+14  6.507E+14  6.370E+14  6.188E+14  5.947E+14  5.629E+14  5.202E+14  4.621E+14  3.812E+14  2.663E+14  1.141E+14  1.287E+13
  535.0000  6.662E+14  6.659E+14  6.650E+14  6.632E+14  6.605E+14  6.567E+14  6.512E+14  6.436E+14  6.336E+14  6.204E+14  6.028E+14  5.795E+14  5.487E+14  5.074E+14  4.513E+14  3.728E+14  2.611E+14  1.123E+14  1.232E+13
  540.0000  6.703E+14  6.700E+14  6.690E+14  6.674E+14  6.647E+14  6.608E+14  6.554E+14  6.478E+14  6.379E+14  6.248E+14  6.072E+14  5.841E+14  5.534E+14  5.123E+14  4.563E+14  3.779E+14  2.658E+14  1.152E+14  1.241E+13
  545.0000  6.832E+14  6.829E+14  6.819E+14  6.801E+14  6.774E+14  6.735E+14  6.680E+14  6.603E+14  6.502E+14  6.369E+14  6.191E+14  5.956E+14  5.645E+14  5.228E+14  4.660E+14  3.864E+14  2.724E+14  1.184E+14  1.237E+13
  550.0000  6.885E+14  6.882E+14  6.872E+14  6.855E+14  6.827E+14  6.788E+14  6.733E+14  6.655E+14  6.554E+14  6.421E+14  6.243E+14  6.007E+14  5.696E+14  5.278E+14  4.709E+14  3.911E+14  2.764E+14  1.207E+14  1.229E+13
  555.0000  6.861E+14  6.857E+14  6.847E+14  6.830E+14  6.803E+14  6.764E+14  6.709E+14  6.633E+14  6.533E+14  6.401E+14  6.225E+14  5.993E+14  5.685E+14  5.273E+14  4.710E+14  3.920E+14  2.781E+14  1.222E+14  1.208E+13
  560.0000  6.713E+14  6.709E+14  6.700E+14  6.682E+14  6.656E+14  6.617E+14  6.563E+14  6.488E+14  6.390E+14  6.261E+14  6.088E+14  5.860E+14  5.559E+14  5.156E+14  4.605E+14  3.832E+14  2.718E+14  1.193E+14  1.132E+13
  565.0000  6.748E+14  6.744E+14  6.734E+14  6.717E+14  6.689E+14  6.650E+14  6.596E+14  6.519E+14  6.420E+14  6.290E+14  6.115E+14  5.886E+14  5.582E+14  5.176E+14  4.622E+14  3.845E+14  2.726E+14  1.194E+14  1.086E+13
  570.0000  6.738E+14  6.735E+14  6.725E+14  6.707E+14  6.680E+14  6.641E+14  6.586E+14  6.510E+14  6.411E+14  6.280E+14  6.106E+14  5.877E+14  5.575E+14  5.170E+14  4.618E+14  3.843E+14  2.727E+14  1.196E+14  1.054E+13
  575.0000  6.888E+14  6.884E+14  6.874E+14  6.856E+14  6.828E+14  6.788E+14  6.733E+14  6.655E+14  6.554E+14  6.421E+14  6.244E+14  6.012E+14  5.704E+14  5.293E+14  4.732E+14  3.943E+14  2.806E+14  1.236E+14  1.067E+13
  580.0000  6.821E+14  6.817E+14  6.807E+14  6.790E+14  6.763E+14  6.724E+14  6.670E+14  6.594E+14  6.496E+14  6.366E+14  6.194E+14  5.967E+14  5.667E+14  5.266E+14  4.717E+14  3.944E+14  2.823E+14  1.260E+14  1.089E+13
  585.0000  6.870E+14  6.867E+14  6.858E+14  6.840E+14  6.813E+14  6.775E+14  6.721E+14  6.646E+14  6.549E+14  6.421E+14  6.250E+14  6.025E+14  5.728E+14  5.329E+14  4.784E+14  4.014E+14  2.891E+14  1.307E+14  1.133E+13
  590.0000  6.668E+14  6.665E+14  6.655E+14  6.639E+14  6.613E+14  6.576E+14  6.525E+14  6.453E+14  6.359E+14  6.236E+14  6.072E+14  5.856E+14  5.570E+14  5.186E+14  4.662E+14  3.920E+14  2.834E+14  1.292E+14  1.109E+13
  595.0000  6.831E+14  6.828E+14  6.819E+14  6.801E+14  6.774E+14  6.736E+14  6.683E+14  6.609E+14  6.513E+14  6.387E+14  6.218E+14  5.997E+14  5.704E+14  5.311E+14  4.774E+14  4.015E+14  2.904E+14  1.324E+14  1.103E+13
  600.0000  6.694E+14  6.690E+14  6.681E+14  6.663E+14  6.637E+14  6.599E+14  6.547E+14  6.473E+14  6.378E+14  6.254E+14  6.088E+14  5.870E+14  5.582E+14  5.196E+14  4.669E+14  3.924E+14  2.836E+14  1.291E+14  1.036E+13
  605.0000  6.810E+14  6.807E+14  6.797E+14  6.779E+14  6.753E+14  6.714E+14  6.661E+14  6.586E+14  6.491E+14  6.365E+14  6.198E+14  5.978E+14  5.687E+14  5.298E+14  4.765E+14  4.012E+14  2.909E+14  1.334E+14  1.059E+13
  610.0000  6.773E+14  6.770E+14  6.761E+14  6.744E+14  6.718E+14  6.681E+14  6.629E+14  6.557E+14  6.464E+14  6.342E+14  6.179E+14  5.965E+14  5.682E+14  5.302E+14  4.781E+14  4.043E+14  2.954E+14  1.377E+14  1.112E+13
  615.0000  6.663E+14  6.660E+14  6.651E+14  6.635E+14  6.611E+14  6.575E+14  6.526E+14  6.457E+14  6.368E+14  6.250E+14  6.094E+14  5.888E+14  5.616E+14  5.250E+14  4.748E+14  4.033E+14  2.972E+14  1.410E+14  1.163E+13
  620.0000  6.809E+14  6.806E+14  6.797E+14  6.781E+14  6.756E+14  6.721E+14  6.672E+14  6.603E+14  6.514E+14  6.397E+14  6.240E+14  6.034E+14  5.761E+14  5.395E+14  4.890E+14  4.170E+14  3.094E+14  1.492E+14  1.248E+13
  625.0000  6.709E+14  6.706E+14  6.697E+14  6.682E+14  6.658E+14  6.624E+14  6.577E+14  6.510E+14  6.424E+14  6.311E+14  6.159E+14  5.960E+14  5.695E+14  5.340E+14  4.850E+14  4.150E+14  3.098E+14  1.514E+14  1.278E+13
  630.0000  6.764E+14  6.762E+14  6.753E+14  6.738E+14  6.715E+14  6.682E+14  6.634E+14  6.569E+14  6.484E+14  6.372E+14  6.222E+14  6.025E+14  5.763E+14  5.411E+14  4.925E+14  4.228E+14  3.177E+14  1.574E+14  1.344E+13
  635.0000  6.765E+14  6.762E+14  6.754E+14  6.739E+14  6.717E+14  6.684E+14  6.638E+14  6.574E+14  6.491E+14  6.381E+14  6.234E+14  6.041E+14  5.784E+14  5.438E+14  4.961E+14  4.274E+14  3.233E+14  1.625E+14  1.406E+13
  640.0000  6.734E+14  6.732E+14  6.724E+14  6.710E+14  6.688E+14  6.656E+14  6.612E+14  6.549E+14  6.468E+14  6.361E+14  6.218E+14  6.029E+14  5.779E+14  5.441E+14  4.974E+14  4.301E+14  3.275E+14  1.670E+14  1.466E+13
  644.8000  6.741E+14  6.738E+14  6.730E+14  6.716E+14  6.695E+14  6.664E+14  6.620E+14  6.559E+14  6.480E+14  6.375E+14  6.234E+14  6.049E+14  5.803E+14  5.470E+14  5.010E+14  4.346E+14  3.328E+14  1.719E+14  1.527E+13
  651.0500  6.712E+14  6.709E+14  6.702E+14  6.688E+14  6.667E+14  6.637E+14  6.595E+14  6.535E+14  6.458E+14  6.355E+14  6.219E+14  6.038E+14  5.798E+14  5.474E+14  5.024E+14  4.373E+14  3.371E+14  1.767E+14  1.584E+13
  660.0000  6.445E+14  6.443E+14  6.436E+14  6.424E+14  6.404E+14  6.376E+14  6.337E+14  6.282E+14  6.209E+14  6.114E+14  5.987E+14  5.818E+14  5.595E+14  5.292E+14  4.872E+14  4.262E+14  3.316E+14  1.775E+14  1.613E+13
  670.0000  6.704E+14  6.702E+14  6.695E+14  6.683E+14  6.663E+14  6.635E+14  6.596E+14  6.540E+14  6.468E+14  6.372E+14  6.244E+14  6.075E+14  5.850E+14  5.546E+14  5.122E+14  4.505E+14  3.541E+14  1.938E+14  1.791E+13
  680.0000  6.669E+14  6.666E+14  6.660E+14  6.648E+14  6.629E+14  6.602E+14  6.564E+14  6.511E+14  6.441E+14  6.349E+14  6.225E+14  6.062E+14  5.845E+14  5.551E+14  5.142E+14  4.544E+14  3.603E+14  2.012E+14  1.881E+13
  690.0000  6.656E+14  6.654E+14  6.647E+14  6.636E+14  6.618E+14  6.591E+14  6.554E+14  6.503E+14  6.435E+14  6.345E+14  6.225E+14  6.067E+14  5.856E+14  5.571E+14  5.173E+14  4.590E+14  3.668E+14  2.085E+14  1.961E+13
  700.0000  6.623E+14  6.621E+14  6.615E+14  6.604E+14  6.586E+14  6.561E+14  6.525E+14  6.475E+14  6.409E+14  6.322E+14  6.206E+14  6.053E+14  5.849E+14  5.573E+14  5.187E+14  4.621E+14  3.721E+14  2.152E+14  2.041E+13
  710.0000  6.546E+14  6.544E+14  6.538E+14  6.527E+14  6.510E+14  6.485E+14  6.450E+14  6.402E+14  6.338E+14  6.254E+14  6.142E+14  5.993E+14  5.796E+14  5.529E+14  5.156E+14  4.608E+14  3.733E+14  2.189E+14  2.077E+13
  720.0000  6.406E+14  6.404E+14  6.398E+14  6.388E+14  6.371E+14  6.347E+14  6.314E+14  6.267E+14  6.206E+14  6.125E+14  6.017E+14  5.875E+14  5.685E+14  5.429E+14  5.072E+14  4.546E+14  3.702E+14  2.199E+14  2.084E+13
  730.0000  6.332E+14  6.330E+14  6.324E+14  6.314E+14  6.298E+14  6.275E+14  6.242E+14  6.197E+14  6.138E+14  6.059E+14  5.955E+14  5.817E+14  5.634E+14  5.386E+14  5.041E+14  4.531E+14  3.711E+14  2.233E+14  2.120E+13
------------------------------------------------------------
Photolysis rate coefficients, s-1
   1 = O3 -> O2 + O(1D)                                  
   2 = NO2 -> NO + O(3P)                                 
   3 = HNO2 -> OH + NO                                   
   4 = HNO3 -> OH + NO2                                  
   5 = Cl2 -> Cl + Cl                                    
   6 = ClOO -> Products                                  
   7 = OClO -> Products                                  
   8 = ClOOCl -> Cl + ClOO                               
   9 = ClNO2 -> Cl + NO2                                 
  10 = Br2 -> Br + Br                                    
  11 = BrO -> Br + O                                     
  12 = HOBr -> OH + Br                                   
  13 = BrNO -> Br + NO                                   
  14 = BrONO -> Br + NO2                                 
  15 = BrONO -> BrO + NO                                 
  16 = BrNO2 -> Br + NO2                                 
  17 = BrONO2 -> BrO + NO2                               
  18 = BrONO2 -> Br + NO3                                
  19 = BrCl -> Br + Cl                                   
values at z =      1.000 km
Columns: sza, photo-reactions
 sza, deg.          1          2          3          4          5          6          7          8          9         10         11         12         13         14         15         16         17         18         19
    0.0000  5.774E-05  1.259E-02  2.087E-03  9.839E-07  3.271E-03  0.000E+00  1.118E-01  2.440E-03  6.954E-04  4.068E-02  5.311E-02  3.001E-03  2.962E-02  1.657E-02  1.657E-02  6.291E-03  2.860E-04  1.621E-03  1.397E-02
    5.0000  5.729E-05  1.257E-02  2.084E-03  9.786E-07  3.265E-03  0.000E+00  1.116E-01  2.434E-03  6.936E-04  4.065E-02  5.299E-02  2.996E-03  2.960E-02  1.653E-02  1.653E-02  6.283E-03  2.855E-04  1.618E-03  1.396E-02
   10.0000  5.595E-05  1.251E-02  2.074E-03  9.626E-07  3.245E-03  0.000E+00  1.111E-01  2.415E-03  6.882E-04  4.056E-02  5.263E-02  2.982E-03  2.953E-02  1.640E-02  1.640E-02  6.258E-03  2.840E-04  1.609E-03  1.392E-02
   15.0000  5.375E-05  1.242E-02  2.056E-03  9.360E-07  3.212E-03  0.000E+00  1.102E-01  2.383E-03  6.790E-04  4.041E-02  5.201E-02  2.958E-03  2.940E-02  1.619E-02  1.619E-02  6.215E-03  2.814E-04  1.595E-03  1.384E-02
   20.0000  5.072E-05  1.228E-02  2.030E-03  8.989E-07  3.164E-03  0.000E+00  1.089E-01  2.338E-03  6.657E-04  4.017E-02  5.112E-02  2.923E-03  2.921E-02  1.589E-02  1.589E-02  6.152E-03  2.777E-04  1.574E-03  1.373E-02
   25.0000  4.695E-05  1.208E-02  1.995E-03  8.516E-07  3.099E-03  0.000E+00  1.072E-01  2.278E-03  6.481E-04  3.984E-02  4.992E-02  2.875E-03  2.895E-02  1.548E-02  1.548E-02  6.065E-03  2.726E-04  1.545E-03  1.357E-02
   30.0000  4.252E-05  1.183E-02  1.948E-03  7.945E-07  3.014E-03  0.000E+00  1.049E-01  2.201E-03  6.257E-04  3.938E-02  4.837E-02  2.812E-03  2.859E-02  1.496E-02  1.496E-02  5.950E-03  2.660E-04  1.508E-03  1.335E-02
   35.0000  3.751E-05  1.149E-02  1.887E-03  7.271E-07  2.905E-03  0.000E+00  1.018E-01  2.105E-03  5.974E-04  3.875E-02  4.640E-02  2.731E-03  2.811E-02  1.430E-02  1.430E-02  5.797E-03  2.575E-04  1.459E-03  1.307E-02
   40.0000  3.216E-05  1.108E-02  1.812E-03  6.525E-07  2.774E-03  0.000E+00  9.804E-02  1.990E-03  5.640E-04  3.793E-02  4.402E-02  2.630E-03  2.750E-02  1.351E-02  1.351E-02  5.608E-03  2.472E-04  1.401E-03  1.271E-02
   45.0000  2.666E-05  1.056E-02  1.720E-03  5.715E-07  2.615E-03  0.000E+00  9.340E-02  1.856E-03  5.245E-04  3.688E-02  4.118E-02  2.508E-03  2.671E-02  1.258E-02  1.258E-02  5.372E-03  2.347E-04  1.330E-03  1.225E-02
   50.0000  2.111E-05  9.913E-03  1.605E-03  4.841E-07  2.420E-03  0.000E+00  8.758E-02  1.695E-03  4.776E-04  3.548E-02  3.773E-02  2.355E-03  2.570E-02  1.146E-02  1.146E-02  5.073E-03  2.193E-04  1.242E-03  1.166E-02
   55.0000  1.582E-05  9.115E-03  1.465E-03  3.937E-07  2.187E-03  0.000E+00  8.044E-02  1.509E-03  4.233E-04  3.368E-02  3.367E-02  2.169E-03  2.440E-02  1.016E-02  1.016E-02  4.702E-03  2.007E-04  1.137E-03  1.091E-02
   60.0000  1.104E-05  8.138E-03  1.295E-03  3.033E-07  1.912E-03  0.000E+00  7.175E-02  1.296E-03  3.615E-04  3.134E-02  2.895E-02  1.943E-03  2.274E-02  8.669E-03  8.669E-03  4.244E-03  1.785E-04  1.011E-03  9.972E-03
   65.0000  7.023E-06  6.956E-03  1.092E-03  2.172E-07  1.593E-03  0.000E+00  6.129E-02  1.057E-03  2.926E-04  2.829E-02  2.359E-02  1.673E-03  2.062E-02  7.003E-03  7.003E-03  3.681E-03  1.522E-04  8.624E-04  8.790E-03
   70.0000  3.955E-06  5.550E-03  8.562E-04  1.403E-07  1.234E-03  0.000E+00  4.890E-02  7.988E-04  2.187E-04  2.431E-02  1.773E-02  1.352E-03  1.788E-02  5.209E-03  5.209E-03  2.998E-03  1.217E-04  6.894E-04  7.314E-03
   75.0000  1.907E-06  3.941E-03  5.945E-04  7.822E-08  8.479E-04  0.000E+00  3.480E-02  5.338E-04  1.441E-04  1.910E-02  1.173E-02  9.843E-04  1.432E-02  3.409E-03  3.409E-03  2.190E-03  8.727E-05  4.945E-04  5.501E-03
   80.0000  7.639E-07  2.266E-03  3.352E-04  3.551E-08  4.767E-04  0.000E+00  2.013E-02  2.917E-04  7.770E-05  1.242E-02  6.355E-03  5.894E-04  9.721E-03  1.829E-03  1.829E-03  1.301E-03  5.133E-05  2.909E-04  3.392E-03
   85.0000  2.420E-07  9.034E-04  1.359E-04  1.195E-08  1.910E-04  0.000E+00  8.035E-03  1.154E-04  3.068E-05  5.055E-03  2.552E-03  2.370E-04  4.264E-03  7.306E-04  7.306E-04  5.149E-04  2.043E-05  1.158E-04  1.360E-03
   90.0000  4.496E-08  1.796E-04  2.751E-05  2.023E-09  3.714E-05  0.000E+00  1.573E-03  2.242E-05  5.925E-06  7.915E-04  4.964E-04  4.334E-05  5.452E-04  1.414E-04  1.414E-04  9.812E-05  3.811E-06  2.160E-05  2.418E-04
------------------------------------------------------------
