Spectral actinic flux, quanta cm-2 s-1 nm-1
values at z =     13.000 km
Columns: wavelength (nm), solar zenith angles (deg.)
    wc, nm      0.000      5.000     10.000     15.000     20.000     25.000     30.000     35.000     40.000     45.000     50.000     55.000     60.000     65.000     70.000     75.000     80.000     85.000     90.000
  120.7000  0.000E+00  0.000E+00  0.000E+00  0.000E+00  0.000E+00  0.000E+00  0.000E+00  0.000E+00  0.000E+00  0.000E+00  0.000E+00  0.000E+00  0.000E+00  0.000E+00  0.000E+00  0.000E+00  0.000E+00  0.000E+00  0.000E+00
  121.6500  0.000E+00  0.000E+00  0.000E+00  0.000E+00  0.000E+00  0.000E+00  0.000E+00  0.000E+00  0.000E+00  0.000E+00  0.000E+00  0.000E+00  0.000E+00  0.000E+00  0.000E+00  0.000E+00  0.000E+00  0.000E+00  0.000E+00
  122.1000  0.000E+00  0.000E+00  0.000E+00  0.000E+00  0.000E+00  0.000E+00  0.000E+00  0.000E+00  0.000E+00  0.000E+00  0.000E+00  0.000E+00  0.000E+00  0.000E+00  0.000E+00  0.000E+00  0.000E+00  0.000E+00  0.000E+00
  122.7000  0.000E+00  0.000E+00  0.000E+00  0.000E+00  0.000E+00  0.000E+00  0.000E+00  0.000E+00  0.000E+00  0.000E+00  0.000E+00  0.000E+00  0.000E+00  0.000E+00  0.000E+00  0.000E+00  0.000E+00  0.000E+00  0.000E+00
  123.4500  0.000E+00  0.000E+00  0.000E+00  0.000E+00  0.000E+00  0.000E+00  0.000E+00  0.000E+00  0.000E+00  0.000E+00  0.000E+00  0.000E+00  0.000E+00  0.000E+00  0.000E+00  0.000E+00  0.000E+00  0.000E+00  0.000E+00
  124.2000  0.000E+00  0.000E+00  0.000E+00  0.000E+00  0.000E+00  0.000E+00  0.000E+00  0.000E+00  0.000E+00  0.000E+00  0.000E+00  0.000E+00  0.000E+00  0.000E+00  0.000E+00  0.000E+00  0.000E+00  0.000E+00  0.000E+00
  125.0000  0.000E+00  0.000E+00  0.000E+00  0.000E+00  0.000E+00  0.000E+00  0.000E+00  0.000E+00  0.000E+00  0.000E+00  0.000E+00  0.000E+00  0.000E+00  0.000E+00  0.000E+00  0.000E+00  0.000E+00  0.000E+00  0.000E+00
  125.8000  0.000E+00  0.000E+00  0.000E+00  0.000E+00  0.000E+00  0.000E+00  0.000E+00  0.000E+00  0.000E+00  0.000E+00  0.000E+00  0.000E+00  0.000E+00  0.000E+00  0.000E+00  0.000E+00  0.000E+00  0.000E+00  0.000E+00
  126.6000  0.000E+00  0.000E+00  0.000E+00  0.000E+00  0.000E+00  0.000E+00  0.000E+00  0.000E+00  0.000E+00  0.000E+00  0.000E+00  0.000E+00  0.000E+00  0.000E+00  0.000E+00  0.000E+00  0.000E+00  0.000E+00  0.000E+00
  127.8000  0.000E+00  0.000E+00  0.000E+00  0.000E+00  0.000E+00  0.000E+00  0.000E+00  0.000E+00  0.000E+00  0.000E+00  0.000E+00  0.000E+00  0.000E+00  0.000E+00  0.000E+00  0.000E+00  0.000E+00  0.000E+00  0.000E+00
  129.0000  0.000E+00  0.000E+00  0.000E+00  0.000E+00  0.000E+00  0.000E+00  0.000E+00  0.000E+00  0.000E+00  0.000E+00  0.000E+00  0.000E+00  0.000E+00  0.000E+00  0.000E+00  0.000E+00  0.000E+00  0.000E+00  0.000E+00
  129.8500  0.000E+00  0.000E+00  0.000E+00  0.000E+00  0.000E+00  0.000E+00  0.000E+00  0.000E+00  0.000E+00  0.000E+00  0.000E+00  0.000E+00  0.000E+00  0.000E+00  0.000E+00  0.000E+00  0.000E+00  0.000E+00  0.000E+00
  131.1500  0.000E+00  0.000E+00  0.000E+00  0.000E+00  0.000E+00  0.000E+00  0.000E+00  0.000E+00  0.000E+00  0.000E+00  0.000E+00  0.000E+00  0.000E+00  0.000E+00  0.000E+00  0.000E+00  0.000E+00  0.000E+00  0.000E+00
  133.5000  0.000E+00  0.000E+00  0.000E+00  0.000E+00  0.000E+00  0.000E+00  0.000E+00  0.000E+00  0.000E+00  0.000E+00  0.000E+00  0.000E+00  0.000E+00  0.000E+00  0.000E+00  0.000E+00  0.000E+00  0.000E+00  0.000E+00
  136.0000  0.000E+00  0.000E+00  0.000E+00  0.000E+00  0.000E+00  0.000E+00  0.000E+00  0.000E+00  0.000E+00  0.000E+00  0.000E+00  0.000E+00  0.000E+00  0.000E+00  0.000E+00  0.000E+00  0.000E+00  0.000E+00  0.000E+00
  141.0000  0.000E+00  0.000E+00  0.000E+00  0.000E+00  0.000E+00  0.000E+00  0.000E+00  0.000E+00  0.000E+00  0.000E+00  0.000E+00  0.000E+00  0.000E+00  0.000E+00  0.000E+00  0.000E+00  0.000E+00  0.000E+00  0.000E+00
  150.0000  0.000E+00  0.000E+00  0.000E+00  0.000E+00  0.000E+00  0.000E+00  0.000E+00  0.000E+00  0.000E+00  0.000E+00  0.000E+00  0.000E+00  0.000E+00  0.000E+00  0.000E+00  0.000E+00  0.000E+00  0.000E+00  0.000E+00
  160.0000  0.000E+00  0.000E+00  0.000E+00  0.000E+00  0.000E+00  0.000E+00  0.000E+00  0.000E+00  0.000E+00  0.000E+00  0.000E+00  0.000E+00  0.000E+00  0.000E+00  0.000E+00  0.000E+00  0.000E+00  0.000E+00  0.000E+00
  167.5000  0.000E+00  0.000E+00  0.000E+00  0.000E+00  0.000E+00  0.000E+00  0.000E+00  0.000E+00  0.000E+00  0.000E+00  0.000E+00  0.000E+00  0.000E+00  0.000E+00  0.000E+00  0.000E+00  0.000E+00  0.000E+00  0.000E+00
  172.2000  0.000E+00  0.000E+00  0.000E+00  0.000E+00  0.000E+00  0.000E+00  0.000E+00  0.000E+00  0.000E+00  0.000E+00  0.000E+00  0.000E+00  0.000E+00  0.000E+00  0.000E+00  0.000E+00  0.000E+00  0.000E+00  0.000E+00
  175.7000  0.000E+00  0.000E+00  0.000E+00  0.000E+00  0.000E+00  0.000E+00  0.000E+00  0.000E+00  0.000E+00  0.000E+00  0.000E+00  0.000E+00  0.000E+00  0.000E+00  0.000E+00  0.000E+00  0.000E+00  0.000E+00  0.000E+00
  177.8000  0.000E+00  0.000E+00  0.000E+00  0.000E+00  0.000E+00  0.000E+00  0.000E+00  0.000E+00  0.000E+00  0.000E+00  0.000E+00  0.000E+00  0.000E+00  0.000E+00  0.000E+00  0.000E+00  0.000E+00  0.000E+00  0.000E+00
  179.4000  0.000E+00  0.000E+00  0.000E+00  0.000E+00  0.000E+00  0.000E+00  0.000E+00  0.000E+00  0.000E+00  0.000E+00  0.000E+00  0.000E+00  0.000E+00  0.000E+00  0.000E+00  0.000E+00  0.000E+00  0.000E+00  0.000E+00
  181.0000  0.000E+00  0.000E+00  0.000E+00  0.000E+00  0.000E+00  0.000E+00  0.000E+00  0.000E+00  0.000E+00  0.000E+00  0.000E+00  0.000E+00  0.000E+00  0.000E+00  0.000E+00  0.000E+00  0.000E+00  0.000E+00  0.000E+00
  182.6500  0.000E+00  0.000E+00  0.000E+00  0.000E+00  0.000E+00  0.000E+00  0.000E+00  0.000E+00  0.000E+00  0.000E+00  0.000E+00  0.000E+00  0.000E+00  0.000E+00  0.000E+00  0.000E+00  0.000E+00  0.000E+00  0.000E+00
  184.3500  0.000E+00  0.000E+00  0.000E+00  0.000E+00  0.000E+00  0.000E+00  0.000E+00  0.000E+00  0.000E+00  0.000E+00  0.000E+00  0.000E+00  0.000E+00  0.000E+00  0.000E+00  0.000E+00  0.000E+00  0.000E+00  0.000E+00
  186.0500  0.000E+00  0.000E+00  0.000E+00  0.000E+00  0.000E+00  0.000E+00  0.000E+00  0.000E+00  0.000E+00  0.000E+00  0.000E+00  0.000E+00  0.000E+00  0.000E+00  0.000E+00  0.000E+00  0.000E+00  0.000E+00  0.000E+00
  187.8000  0.000E+00  0.000E+00  0.000E+00  0.000E+00  0.000E+00  0.000E+00  0.000E+00  0.000E+00  0.000E+00  0.000E+00  0.000E+00  0.000E+00  0.000E+00  0.000E+00  0.000E+00  0.000E+00  0.000E+00  0.000E+00  0.000E+00
  189.6000  0.000E+00  0.000E+00  0.000E+00  0.000E+00  0.000E+00  0.000E+00  0.000E+00  0.000E+00  0.000E+00  0.000E+00  0.000E+00  0.000E+00  0.000E+00  0.000E+00  0.000E+00  0.000E+00  0.000E+00  0.000E+00  0.000E+00
  191.4000  0.000E+00  0.000E+00  0.000E+00  0.000E+00  0.000E+00  0.000E+00  0.000E+00  0.000E+00  0.000E+00  0.000E+00  0.000E+00  0.000E+00  0.000E+00  0.000E+00  0.000E+00  0.000E+00  0.000E+00  0.000E+00  0.000E+00
  193.2500  0.000E+00  0.000E+00  0.000E+00  0.000E+00  0.000E+00  0.000E+00  0.000E+00  0.000E+00  0.000E+00  0.000E+00  0.000E+00  0.000E+00  0.000E+00  0.000E+00  0.000E+00  0.000E+00  0.000E+00  9.737E+01  1.153E+02
  195.1500  0.000E+00  0.000E+00  0.000E+00  0.000E+00  0.000E+00  7.460E+05  4.428E+05  2.315E+05  1.084E+05  4.787E+04  2.207E+04  1.224E+04  8.159E+03  6.024E+03  4.668E+03  4.050E+03  2.932E+03  2.097E+03  1.526E+03
  197.0500  2.572E+07  2.482E+07  2.228E+07  1.854E+07  1.422E+07  9.978E+06  6.339E+06  3.563E+06  1.833E+06  8.624E+05  3.985E+05  2.052E+05  1.238E+05  8.251E+04  5.711E+04  3.993E+04  2.615E+04  1.527E+04  6.012E+03
  199.0000  6.377E+07  6.166E+07  5.568E+07  4.680E+07  3.642E+07  2.603E+07  1.693E+07  9.705E+06  5.168E+06  2.483E+06  1.147E+06  5.743E+05  3.331E+05  2.138E+05  1.423E+05  9.466E+04  5.936E+04  3.237E+04  1.085E+04
  201.0000  9.924E+07  9.602E+07  8.690E+07  7.331E+07  5.734E+07  4.126E+07  2.704E+07  1.584E+07  8.403E+06  4.056E+06  1.867E+06  9.225E+05  5.279E+05  3.358E+05  2.216E+05  1.456E+05  9.047E+04  4.821E+04  1.490E+04
  203.0500  1.735E+08  1.679E+08  1.522E+08  1.287E+08  1.010E+08  7.302E+07  4.810E+07  2.809E+07  1.506E+07  7.252E+06  3.293E+06  1.585E+06  8.832E+05  5.501E+05  3.560E+05  2.289E+05  1.399E+05  7.344E+04  2.226E+04
  204.9500  2.120E+08  2.052E+08  1.858E+08  1.569E+08  1.229E+08  8.849E+07  5.801E+07  3.371E+07  1.785E+07  8.460E+06  3.757E+06  1.765E+06  9.672E+05  5.968E+05  3.838E+05  2.455E+05  1.498E+05  7.843E+04  2.334E+04
  207.0665  1.954E+08  1.889E+08  1.707E+08  1.435E+08  1.116E+08  7.968E+07  5.160E+07  2.949E+07  1.529E+07  7.041E+06  3.019E+06  1.374E+06  7.406E+05  4.555E+05  2.936E+05  1.893E+05  1.170E+05  6.302E+04  2.017E+04
  209.4295  2.093E+08  2.021E+08  1.815E+08  1.512E+08  1.160E+08  8.124E+07  5.131E+07  2.829E+07  1.411E+07  6.166E+06  2.497E+06  1.089E+06  5.789E+05  3.566E+05  2.316E+05  1.511E+05  9.492E+04  5.235E+04  1.731E+04
  211.6460  1.673E+08  1.611E+08  1.435E+08  1.179E+08  8.865E+07  6.041E+07  3.680E+07  1.939E+07  9.103E+06  3.705E+06  1.396E+06  5.835E+05  3.093E+05  1.924E+05  1.265E+05  8.386E+04  5.376E+04  3.042E+04  1.041E+04
  213.9100  5.722E+07  5.484E+07  4.821E+07  3.870E+07  2.815E+07  1.833E+07  1.052E+07  5.134E+06  2.195E+06  8.010E+05  2.740E+05  1.110E+05  6.013E+04  3.822E+04  2.560E+04  1.730E+04  1.134E+04  6.580E+03  2.323E+03
  216.2225  0.000E+00  0.000E+00  0.000E+00  0.000E+00  0.000E+00  0.000E+00  0.000E+00  0.000E+00  0.000E+00  0.000E+00  0.000E+00  0.000E+00  0.000E+00  0.000E+00  0.000E+00  0.000E+00  0.000E+00  0.000E+00  0.000E+00
  218.5855  0.000E+00  0.000E+00  0.000E+00  0.000E+00  0.000E+00  0.000E+00  0.000E+00  0.000E+00  0.000E+00  0.000E+00  0.000E+00  0.000E+00  0.000E+00  0.000E+00  0.000E+00  0.000E+00  0.000E+00  0.000E+00  0.000E+00
  221.0010  0.000E+00  0.000E+00  0.000E+00  0.000E+00  0.000E+00  0.000E+00  0.000E+00  0.000E+00  0.000E+00  0.000E+00  0.000E+00  0.000E+00  0.000E+00  0.000E+00  0.000E+00  0.000E+00  0.000E+00  0.000E+00  0.000E+00
  223.4705  0.000E+00  0.000E+00  0.000E+00  0.000E+00  0.000E+00  0.000E+00  0.000E+00  0.000E+00  0.000E+00  0.000E+00  0.000E+00  0.000E+00  0.000E+00  0.000E+00  0.000E+00  0.000E+00  0.000E+00  0.000E+00  0.000E+00
  225.9960  0.000E+00  0.000E+00  0.000E+00  0.000E+00  0.000E+00  0.000E+00  0.000E+00  0.000E+00  0.000E+00  0.000E+00  0.000E+00  0.000E+00  0.000E+00  0.000E+00  0.000E+00  0.000E+00  0.000E+00  0.000E+00  0.000E+00
  228.5790  0.000E+00  0.000E+00  0.000E+00  0.000E+00  0.000E+00  0.000E+00  0.000E+00  0.000E+00  0.000E+00  0.000E+00  0.000E+00  0.000E+00  0.000E+00  0.000E+00  0.000E+00  0.000E+00  0.000E+00  0.000E+00  0.000E+00
  231.2215  0.000E+00  0.000E+00  0.000E+00  0.000E+00  0.000E+00  0.000E+00  0.000E+00  0.000E+00  0.000E+00  0.000E+00  0.000E+00  0.000E+00  0.000E+00  0.000E+00  0.000E+00  0.000E+00  0.000E+00  0.000E+00  0.000E+00
  233.9260  0.000E+00  0.000E+00  0.000E+00  0.000E+00  0.000E+00  0.000E+00  0.000E+00  0.000E+00  0.000E+00  0.000E+00  0.000E+00  0.000E+00  0.000E+00  0.000E+00  0.000E+00  0.000E+00  0.000E+00  0.000E+00  0.000E+00
  236.6945  0.000E+00  0.000E+00  0.000E+00  0.000E+00  0.000E+00  0.000E+00  0.000E+00  0.000E+00  0.000E+00  0.000E+00  0.000E+00  0.000E+00  0.000E+00  0.000E+00  0.000E+00  0.000E+00  0.000E+00  0.000E+00  0.000E+00
  239.5295  0.000E+00  0.000E+00  0.000E+00  0.000E+00  0.000E+00  0.000E+00  0.000E+00  0.000E+00  0.000E+00  0.000E+00  0.000E+00  0.000E+00  0.000E+00  0.000E+00  0.000E+00  0.000E+00  0.000E+00  0.000E+00  0.000E+00
  242.4330  0.000E+00  0.000E+00  0.000E+00  0.000E+00  0.000E+00  0.000E+00  0.000E+00  0.000E+00  0.000E+00  0.000E+00  0.000E+00  0.000E+00  0.000E+00  0.000E+00  0.000E+00  0.000E+00  0.000E+00  0.000E+00  0.000E+00
  245.4080  0.000E+00  0.000E+00  0.000E+00  0.000E+00  0.000E+00  0.000E+00  0.000E+00  0.000E+00  0.000E+00  0.000E+00  0.000E+00  0.000E+00  0.000E+00  0.000E+00  0.000E+00  0.000E+00  0.000E+00  0.000E+00  0.000E+00
  248.4570  0.000E+00  0.000E+00  0.000E+00  0.000E+00  0.000E+00  0.000E+00  0.000E+00  0.000E+00  0.000E+00  0.000E+00  0.000E+00  0.000E+00  0.000E+00  0.000E+00  0.000E+00  0.000E+00  0.000E+00  0.000E+00  0.000E+00
  251.5825  0.000E+00  0.000E+00  0.000E+00  0.000E+00  0.000E+00  0.000E+00  0.000E+00  0.000E+00  0.000E+00  0.000E+00  0.000E+00  0.000E+00  0.000E+00  0.000E+00  0.000E+00  0.000E+00  0.000E+00  0.000E+00  0.000E+00
  254.7875  0.000E+00  0.000E+00  0.000E+00  0.000E+00  0.000E+00  0.000E+00  0.000E+00  0.000E+00  0.000E+00  0.000E+00  0.000E+00  0.000E+00  0.000E+00  0.000E+00  0.000E+00  0.000E+00  0.000E+00  0.000E+00  0.000E+00
  258.0750  0.000E+00  0.000E+00  0.000E+00  0.000E+00  0.000E+00  0.000E+00  0.000E+00  0.000E+00  0.000E+00  0.000E+00  0.000E+00  0.000E+00  0.000E+00  0.000E+00  0.000E+00  0.000E+00  0.000E+00  0.000E+00  0.000E+00
  261.4490  0.000E+00  0.000E+00  0.000E+00  0.000E+00  0.000E+00  0.000E+00  0.000E+00  0.000E+00  0.000E+00  0.000E+00  0.000E+00  0.000E+00  0.000E+00  0.000E+00  0.000E+00  0.000E+00  0.000E+00  0.000E+00  0.000E+00
  264.9125  0.000E+00  0.000E+00  0.000E+00  0.000E+00  0.000E+00  0.000E+00  0.000E+00  0.000E+00  0.000E+00  0.000E+00  0.000E+00  0.000E+00  0.000E+00  0.000E+00  0.000E+00  0.000E+00  0.000E+00  0.000E+00  0.000E+00
  268.4685  0.000E+00  0.000E+00  0.000E+00  0.000E+00  0.000E+00  0.000E+00  0.000E+00  0.000E+00  0.000E+00  0.000E+00  0.000E+00  0.000E+00  0.000E+00  0.000E+00  0.000E+00  0.000E+00  0.000E+00  0.000E+00  0.000E+00
  272.1215  0.000E+00  0.000E+00  0.000E+00  0.000E+00  0.000E+00  0.000E+00  0.000E+00  0.000E+00  0.000E+00  0.000E+00  0.000E+00  0.000E+00  0.000E+00  0.000E+00  0.000E+00  0.000E+00  0.000E+00  0.000E+00  0.000E+00
  275.8755  0.000E+00  0.000E+00  0.000E+00  0.000E+00  0.000E+00  0.000E+00  0.000E+00  0.000E+00  0.000E+00  0.000E+00  0.000E+00  0.000E+00  0.000E+00  0.000E+00  0.000E+00  0.000E+00  0.000E+00  0.000E+00  0.000E+00
  279.7340  0.000E+00  0.000E+00  0.000E+00  0.000E+00  0.000E+00  0.000E+00  0.000E+00  0.000E+00  0.000E+00  0.000E+00  0.000E+00  0.000E+00  0.000E+00  0.000E+00  0.000E+00  0.000E+00  0.000E+00  0.000E+00  0.000E+00
  283.7020  0.000E+00  0.000E+00  0.000E+00  0.000E+00  0.000E+00  0.000E+00  0.000E+00  0.000E+00  0.000E+00  0.000E+00  0.000E+00  0.000E+00  0.000E+00  0.000E+00  0.000E+00  0.000E+00  0.000E+00  0.000E+00  0.000E+00
  287.7845  0.000E+00  0.000E+00  0.000E+00  0.000E+00  0.000E+00  0.000E+00  0.000E+00  0.000E+00  0.000E+00  0.000E+00  0.000E+00  0.000E+00  0.000E+00  0.000E+00  0.000E+00  0.000E+00  0.000E+00  0.000E+00  0.000E+00
  291.9865  5.219E+10  5.068E+10  4.637E+10  3.983E+10  3.193E+10  2.367E+10  1.602E+10  9.685E+09  5.121E+09  2.286E+09  8.213E+08  2.326E+08  6.033E+07  2.359E+07  1.441E+07  9.690E+06  6.458E+06  3.942E+06  1.604E+06
  296.3090  1.368E+12  1.345E+12  1.277E+12  1.169E+12  1.028E+12  8.633E+11  6.875E+11  5.128E+11  3.531E+11  2.200E+11  1.196E+11  5.424E+10  1.947E+10  5.558E+09  1.752E+09  9.104E+08  5.613E+08  3.214E+08  1.252E+08
  300.5000  8.763E+12  8.675E+12  8.415E+12  7.988E+12  7.405E+12  6.683E+12  5.844E+12  4.917E+12  3.943E+12  2.981E+12  2.075E+12  1.290E+12  6.838E+11  2.869E+11  8.771E+10  2.241E+10  9.204E+09  4.720E+09  1.691E+09
  303.0000  2.689E+13  2.670E+13  2.612E+13  2.516E+13  2.383E+13  2.213E+13  2.008E+13  1.777E+13  1.511E+13  1.235E+13  9.495E+12  6.725E+12  4.231E+12  2.224E+12  8.821E+11  2.336E+11  5.553E+10  2.308E+10  7.602E+09
  304.0000  3.031E+13  3.012E+13  2.952E+13  2.854E+13  2.716E+13  2.539E+13  2.326E+13  2.072E+13  1.796E+13  1.495E+13  1.177E+13  8.602E+12  5.640E+12  3.137E+12  1.341E+12  3.812E+11  8.154E+10  3.003E+10  9.581E+09
  305.0000  4.325E+13  4.301E+13  4.227E+13  4.104E+13  3.931E+13  3.708E+13  3.434E+13  3.120E+13  2.741E+13  2.335E+13  1.896E+13  1.441E+13  9.962E+12  5.957E+12  2.816E+12  9.000E+11  1.810E+11  5.320E+10  1.605E+10
  306.0000  4.179E+13  4.158E+13  4.094E+13  3.986E+13  3.833E+13  3.636E+13  3.393E+13  3.103E+13  2.765E+13  2.392E+13  1.979E+13  1.543E+13  1.104E+13  6.917E+12  3.494E+12  1.219E+12  2.488E+11  6.096E+10  1.750E+10
  307.0000  5.550E+13  5.524E+13  5.448E+13  5.321E+13  5.140E+13  4.904E+13  4.611E+13  4.254E+13  3.844E+13  3.378E+13  2.853E+13  2.285E+13  1.695E+13  1.116E+13  6.059E+12  2.337E+12  5.097E+11  1.013E+11  2.694E+10
  308.0000  6.696E+13  6.669E+13  6.588E+13  6.451E+13  6.257E+13  6.002E+13  5.684E+13  5.292E+13  4.836E+13  4.311E+13  3.711E+13  3.046E+13  2.334E+13  1.610E+13  9.335E+12  3.971E+12  9.583E+11  1.602E+11  3.848E+10
  309.0000  7.053E+13  7.027E+13  6.948E+13  6.814E+13  6.623E+13  6.373E+13  6.059E+13  5.665E+13  5.215E+13  4.687E+13  4.077E+13  3.393E+13  2.649E+13  1.874E+13  1.128E+13  5.073E+12  1.314E+12  2.029E+11  4.512E+10
  310.0000  7.165E+13  7.142E+13  7.074E+13  6.958E+13  6.791E+13  6.571E+13  6.292E+13  5.940E+13  5.530E+13  5.044E+13  4.472E+13  3.817E+13  3.082E+13  2.286E+13  1.474E+13  7.374E+12  2.221E+12  3.201E+11  5.864E+10
  311.0000  1.219E+14  1.215E+14  1.204E+14  1.186E+14  1.159E+14  1.124E+14  1.080E+14  1.024E+14  9.574E+13  8.787E+13  7.853E+13  6.771E+13  5.544E+13  4.193E+13  2.782E+13  1.455E+13  4.689E+12  6.776E+11  1.124E+11
  312.0000  1.108E+14  1.105E+14  1.096E+14  1.081E+14  1.059E+14  1.031E+14  9.941E+13  9.469E+13  8.923E+13  8.260E+13  7.465E+13  6.531E+13  5.453E+13  4.239E+13  2.928E+13  1.630E+13  5.817E+12  8.798E+11  1.243E+11
  313.0000  1.261E+14  1.258E+14  1.249E+14  1.234E+14  1.212E+14  1.183E+14  1.146E+14  1.098E+14  1.041E+14  9.714E+13  8.874E+13  7.874E+13  6.700E+13  5.348E+13  3.840E+13  2.275E+13  8.996E+12  1.489E+12  1.782E+11
  314.0000  1.383E+14  1.380E+14  1.371E+14  1.355E+14  1.333E+14  1.303E+14  1.263E+14  1.213E+14  1.153E+14  1.080E+14  9.908E+13  8.841E+13  7.580E+13  6.114E+13  4.459E+13  2.707E+13  1.115E+13  1.928E+12  2.154E+11
  316.0000  1.454E+14  1.451E+14  1.443E+14  1.430E+14  1.411E+14  1.385E+14  1.352E+14  1.307E+14  1.255E+14  1.189E+14  1.108E+14  1.009E+14  8.887E+13  7.443E+13  5.740E+13  3.806E+13  1.830E+13  3.946E+12  3.552E+11
  320.0000  1.904E+14  1.902E+14  1.895E+14  1.882E+14  1.864E+14  1.839E+14  1.805E+14  1.761E+14  1.707E+14  1.639E+14  1.553E+14  1.445E+14  1.310E+14  1.143E+14  9.353E+13  6.820E+13  3.883E+13  1.135E+13  9.125E+11
  325.0000  2.462E+14  2.460E+14  2.453E+14  2.442E+14  2.426E+14  2.402E+14  2.371E+14  2.328E+14  2.275E+14  2.207E+14  2.118E+14  2.005E+14  1.860E+14  1.675E+14  1.436E+14  1.127E+14  7.341E+13  2.819E+13  2.517E+12
  330.0000  3.044E+14  3.042E+14  3.036E+14  3.026E+14  3.009E+14  2.986E+14  2.955E+14  2.912E+14  2.857E+14  2.785E+14  2.691E+14  2.569E+14  2.410E+14  2.204E+14  1.933E+14  1.573E+14  1.092E+14  4.815E+13  4.820E+12
  335.0000  2.873E+14  2.872E+14  2.867E+14  2.859E+14  2.847E+14  2.829E+14  2.804E+14  2.769E+14  2.724E+14  2.666E+14  2.587E+14  2.484E+14  2.348E+14  2.170E+14  1.932E+14  1.610E+14  1.167E+14  5.643E+13  6.199E+12
  340.0000  3.083E+14  3.082E+14  3.077E+14  3.070E+14  3.058E+14  3.042E+14  3.018E+14  2.985E+14  2.941E+14  2.884E+14  2.806E+14  2.704E+14  2.567E+14  2.387E+14  2.143E+14  1.811E+14  1.344E+14  6.834E+13  7.780E+12
  345.0000  2.999E+14  2.997E+14  2.994E+14  2.988E+14  2.978E+14  2.963E+14  2.942E+14  2.913E+14  2.874E+14  2.822E+14  2.752E+14  2.657E+14  2.532E+14  2.364E+14  2.136E+14  1.822E+14  1.374E+14  7.238E+13  8.366E+12
  350.0000  3.092E+14  3.091E+14  3.087E+14  3.081E+14  3.072E+14  3.058E+14  3.039E+14  3.010E+14  2.972E+14  2.922E+14  2.852E+14  2.760E+14  2.635E+14  2.467E+14  2.239E+14  1.920E+14  1.463E+14  7.863E+13  9.014E+12
  355.0000  3.229E+14  3.228E+14  3.225E+14  3.219E+14  3.211E+14  3.197E+14  3.179E+14  3.151E+14  3.114E+14  3.065E+14  2.996E+14  2.904E+14  2.779E+14  2.611E+14  2.379E+14  2.054E+14  1.583E+14  8.715E+13  1.006E+13
  360.0000  2.918E+14  2.917E+14  2.915E+14  2.911E+14  2.903E+14  2.893E+14  2.877E+14  2.854E+14  2.823E+14  2.780E+14  2.722E+14  2.642E+14  2.534E+14  2.387E+14  2.183E+14  1.896E+14  1.475E+14  8.293E+13  9.647E+12
  365.0000  3.672E+14  3.671E+14  3.668E+14  3.663E+14  3.655E+14  3.643E+14  3.625E+14  3.597E+14  3.561E+14  3.510E+14  3.440E+14  3.344E+14  3.213E+14  3.034E+14  2.786E+14  2.432E+14  1.909E+14  1.094E+14  1.288E+13
  370.0000  3.781E+14  3.780E+14  3.778E+14  3.773E+14  3.766E+14  3.754E+14  3.737E+14  3.711E+14  3.675E+14  3.626E+14  3.557E+14  3.463E+14  3.333E+14  3.155E+14  2.906E+14  2.550E+14  2.018E+14  1.178E+14  1.407E+13
  375.0000  3.386E+14  3.385E+14  3.383E+14  3.380E+14  3.373E+14  3.364E+14  3.350E+14  3.328E+14  3.298E+14  3.256E+14  3.198E+14  3.117E+14  3.005E+14  2.851E+14  2.634E+14  2.322E+14  1.852E+14  1.100E+14  1.339E+13
  380.0000  3.862E+14  3.862E+14  3.860E+14  3.856E+14  3.850E+14  3.840E+14  3.825E+14  3.802E+14  3.769E+14  3.724E+14  3.661E+14  3.572E+14  3.449E+14  3.279E+14  3.038E+14  2.690E+14  2.162E+14  1.305E+14  1.626E+13
  385.0000  2.892E+14  2.891E+14  2.890E+14  2.887E+14  2.883E+14  2.877E+14  2.866E+14  2.850E+14  2.827E+14  2.795E+14  2.750E+14  2.686E+14  2.598E+14  2.474E+14  2.299E+14  2.044E+14  1.654E+14  1.014E+14  1.298E+13
  390.0000  3.753E+14  3.752E+14  3.751E+14  3.748E+14  3.743E+14  3.735E+14  3.723E+14  3.703E+14  3.675E+14  3.636E+14  3.580E+14  3.500E+14  3.390E+14  3.235E+14  3.014E+14  2.690E+14  2.192E+14  1.364E+14  1.799E+13
  395.0000  2.896E+14  2.895E+14  2.894E+14  2.892E+14  2.889E+14  2.883E+14  2.875E+14  2.860E+14  2.840E+14  2.811E+14  2.770E+14  2.711E+14  2.629E+14  2.513E+14  2.347E+14  2.103E+14  1.725E+14  1.089E+14  1.483E+13
  400.0000  5.350E+14  5.350E+14  5.348E+14  5.345E+14  5.340E+14  5.330E+14  5.315E+14  5.290E+14  5.255E+14  5.205E+14  5.131E+14  5.027E+14  4.881E+14  4.674E+14  4.376E+14  3.935E+14  3.247E+14  2.077E+14  2.929E+13
  405.0000  5.433E+14  5.433E+14  5.431E+14  5.429E+14  5.424E+14  5.415E+14  5.400E+14  5.377E+14  5.343E+14  5.295E+14  5.223E+14  5.122E+14  4.978E+14  4.775E+14  4.480E+14  4.042E+14  3.355E+14  2.175E+14  3.180E+13
  410.0000  5.583E+14  5.583E+14  5.582E+14  5.579E+14  5.575E+14  5.566E+14  5.553E+14  5.530E+14  5.497E+14  5.450E+14  5.380E+14  5.280E+14  5.137E+14  4.934E+14  4.640E+14  4.200E+14  3.505E+14  2.300E+14  3.489E+13
  415.0000  5.801E+14  5.800E+14  5.799E+14  5.797E+14  5.793E+14  5.785E+14  5.772E+14  5.750E+14  5.718E+14  5.671E+14  5.601E+14  5.501E+14  5.358E+14  5.154E+14  4.856E+14  4.409E+14  3.699E+14  2.456E+14  3.872E+13
  420.0000  5.841E+14  5.840E+14  5.840E+14  5.838E+14  5.834E+14  5.827E+14  5.815E+14  5.794E+14  5.763E+14  5.718E+14  5.651E+14  5.554E+14  5.415E+14  5.215E+14  4.923E+14  4.483E+14  3.780E+14  2.539E+14  4.158E+13
  425.0000  5.565E+14  5.565E+14  5.564E+14  5.563E+14  5.560E+14  5.553E+14  5.542E+14  5.524E+14  5.496E+14  5.455E+14  5.393E+14  5.304E+14  5.176E+14  4.991E+14  4.720E+14  4.310E+14  3.651E+14  2.477E+14  4.211E+13
  430.0000  5.127E+14  5.127E+14  5.126E+14  5.125E+14  5.122E+14  5.117E+14  5.108E+14  5.092E+14  5.067E+14  5.031E+14  4.977E+14  4.898E+14  4.783E+14  4.618E+14  4.375E+14  4.006E+14  3.409E+14  2.337E+14  4.130E+13
  435.0000  5.946E+14  5.946E+14  5.945E+14  5.944E+14  5.941E+14  5.936E+14  5.926E+14  5.908E+14  5.881E+14  5.841E+14  5.780E+14  5.691E+14  5.563E+14  5.377E+14  5.102E+14  4.683E+14  4.003E+14  2.770E+14  5.082E+13
  440.0000  6.112E+14  6.112E+14  6.112E+14  6.111E+14  6.108E+14  6.103E+14  6.093E+14  6.076E+14  6.049E+14  6.010E+14  5.949E+14  5.861E+14  5.733E+14  5.547E+14  5.271E+14  4.849E+14  4.160E+14  2.903E+14  5.513E+13
  445.0000  6.564E+14  6.564E+14  6.563E+14  6.562E+14  6.560E+14  6.555E+14  6.545E+14  6.527E+14  6.500E+14  6.459E+14  6.396E+14  6.305E+14  6.171E+14  5.977E+14  5.687E+14  5.243E+14  4.515E+14  3.178E+14  6.252E+13
  450.0000  6.982E+14  6.982E+14  6.982E+14  6.981E+14  6.979E+14  6.974E+14  6.964E+14  6.946E+14  6.918E+14  6.876E+14  6.812E+14  6.718E+14  6.580E+14  6.379E+14  6.078E+14  5.616E+14  4.854E+14  3.445E+14  7.022E+13
  455.0000  6.837E+14  6.837E+14  6.837E+14  6.836E+14  6.834E+14  6.829E+14  6.820E+14  6.803E+14  6.777E+14  6.738E+14  6.677E+14  6.587E+14  6.456E+14  6.264E+14  5.977E+14  5.532E+14  4.798E+14  3.431E+14  7.233E+13
  460.0000  7.038E+14  7.038E+14  7.038E+14  7.037E+14  7.035E+14  7.030E+14  7.021E+14  7.004E+14  6.978E+14  6.938E+14  6.877E+14  6.786E+14  6.654E+14  6.459E+14  6.167E+14  5.716E+14  4.967E+14  3.566E+14  7.697E+13
  465.0000  6.968E+14  6.968E+14  6.968E+14  6.967E+14  6.965E+14  6.960E+14  6.952E+14  6.935E+14  6.910E+14  6.873E+14  6.814E+14  6.727E+14  6.600E+14  6.412E+14  6.130E+14  5.692E+14  4.963E+14  3.591E+14  8.017E+13
  470.0000  6.940E+14  6.940E+14  6.940E+14  6.939E+14  6.937E+14  6.933E+14  6.924E+14  6.909E+14  6.885E+14  6.848E+14  6.792E+14  6.707E+14  6.583E+14  6.401E+14  6.126E+14  5.698E+14  4.982E+14  3.628E+14  8.349E+13
  475.0000  7.032E+14  7.032E+14  7.032E+14  7.032E+14  7.030E+14  7.025E+14  7.017E+14  7.002E+14  6.978E+14  6.942E+14  6.886E+14  6.802E+14  6.679E+14  6.498E+14  6.225E+14  5.798E+14  5.082E+14  3.720E+14  8.793E+13
  480.0000  7.240E+14  7.240E+14  7.240E+14  7.239E+14  7.237E+14  7.232E+14  7.223E+14  7.207E+14  7.182E+14  7.145E+14  7.087E+14  7.001E+14  6.875E+14  6.688E+14  6.407E+14  5.969E+14  5.231E+14  3.827E+14  9.131E+13
  485.0000  6.591E+14  6.591E+14  6.590E+14  6.589E+14  6.587E+14  6.583E+14  6.575E+14  6.560E+14  6.538E+14  6.505E+14  6.453E+14  6.377E+14  6.264E+14  6.097E+14  5.846E+14  5.452E+14  4.789E+14  3.520E+14  8.609E+13
  490.0000  6.882E+14  6.882E+14  6.882E+14  6.881E+14  6.879E+14  6.874E+14  6.866E+14  6.852E+14  6.829E+14  6.795E+14  6.743E+14  6.665E+14  6.550E+14  6.380E+14  6.123E+14  5.720E+14  5.039E+14  3.728E+14  9.392E+13
  495.0000  7.028E+14  7.027E+14  7.027E+14  7.026E+14  7.024E+14  7.019E+14  7.011E+14  6.996E+14  6.973E+14  6.939E+14  6.887E+14  6.808E+14  6.693E+14  6.522E+14  6.263E+14  5.856E+14  5.167E+14  3.836E+14  9.871E+13
  500.0000  6.713E+14  6.713E+14  6.713E+14  6.712E+14  6.709E+14  6.704E+14  6.696E+14  6.681E+14  6.659E+14  6.626E+14  6.575E+14  6.499E+14  6.388E+14  6.224E+14  5.976E+14  5.586E+14  4.925E+14  3.649E+14  9.419E+13
  505.0000  6.830E+14  6.830E+14  6.830E+14  6.828E+14  6.825E+14  6.819E+14  6.809E+14  6.793E+14  6.770E+14  6.734E+14  6.681E+14  6.603E+14  6.488E+14  6.319E+14  6.063E+14  5.662E+14  4.982E+14  3.671E+14  9.415E+13
  510.0000  6.797E+14  6.797E+14  6.795E+14  6.794E+14  6.791E+14  6.785E+14  6.776E+14  6.760E+14  6.737E+14  6.703E+14  6.651E+14  6.575E+14  6.464E+14  6.299E+14  6.050E+14  5.657E+14  4.990E+14  3.699E+14  9.751E+13
  515.0000  6.322E+14  6.321E+14  6.320E+14  6.319E+14  6.316E+14  6.310E+14  6.302E+14  6.287E+14  6.266E+14  6.234E+14  6.187E+14  6.117E+14  6.014E+14  5.863E+14  5.634E+14  5.273E+14  4.658E+14  3.464E+14  9.304E+13
  520.0000  6.518E+14  6.517E+14  6.516E+14  6.515E+14  6.511E+14  6.505E+14  6.496E+14  6.481E+14  6.458E+14  6.426E+14  6.376E+14  6.304E+14  6.198E+14  6.043E+14  5.807E+14  5.436E+14  4.803E+14  3.572E+14  9.686E+13
  525.0000  6.554E+14  6.553E+14  6.552E+14  6.550E+14  6.546E+14  6.539E+14  6.529E+14  6.513E+14  6.489E+14  6.455E+14  6.404E+14  6.330E+14  6.222E+14  6.063E+14  5.824E+14  5.446E+14  4.803E+14  3.555E+14  9.578E+13
  530.0000  6.915E+14  6.915E+14  6.913E+14  6.910E+14  6.905E+14  6.897E+14  6.885E+14  6.866E+14  6.840E+14  6.802E+14  6.746E+14  6.665E+14  6.548E+14  6.376E+14  6.117E+14  5.710E+14  5.019E+14  3.683E+14  9.752E+13
  535.0000  6.722E+14  6.721E+14  6.720E+14  6.717E+14  6.712E+14  6.703E+14  6.691E+14  6.672E+14  6.646E+14  6.609E+14  6.554E+14  6.474E+14  6.360E+14  6.192E+14  5.941E+14  5.544E+14  4.871E+14  3.569E+14  9.489E+13
  540.0000  6.755E+14  6.754E+14  6.752E+14  6.749E+14  6.744E+14  6.735E+14  6.723E+14  6.704E+14  6.677E+14  6.640E+14  6.585E+14  6.506E+14  6.392E+14  6.225E+14  5.974E+14  5.579E+14  4.906E+14  3.604E+14  9.726E+13
  545.0000  6.875E+14  6.875E+14  6.873E+14  6.869E+14  6.863E+14  6.854E+14  6.841E+14  6.821E+14  6.793E+14  6.754E+14  6.697E+14  6.616E+14  6.498E+14  6.327E+14  6.070E+14  5.666E+14  4.978E+14  3.647E+14  9.839E+13
  550.0000  6.921E+14  6.920E+14  6.918E+14  6.914E+14  6.907E+14  6.898E+14  6.884E+14  6.863E+14  6.835E+14  6.795E+14  6.737E+14  6.655E+14  6.536E+14  6.364E+14  6.105E+14  5.697E+14  5.004E+14  3.662E+14  9.922E+13
  555.0000  6.885E+14  6.884E+14  6.882E+14  6.877E+14  6.871E+14  6.861E+14  6.846E+14  6.825E+14  6.796E+14  6.756E+14  6.698E+14  6.616E+14  6.498E+14  6.326E+14  6.068E+14  5.663E+14  4.973E+14  3.637E+14  9.930E+13
  560.0000  6.730E+14  6.729E+14  6.726E+14  6.721E+14  6.714E+14  6.704E+14  6.689E+14  6.667E+14  6.637E+14  6.596E+14  6.537E+14  6.455E+14  6.336E+14  6.165E+14  5.908E+14  5.505E+14  4.820E+14  3.500E+14  9.416E+13
  565.0000  6.758E+14  6.757E+14  6.754E+14  6.749E+14  6.741E+14  6.729E+14  6.713E+14  6.690E+14  6.659E+14  6.616E+14  6.555E+14  6.469E+14  6.347E+14  6.170E+14  5.907E+14  5.495E+14  4.795E+14  3.454E+14  9.128E+13
  570.0000  6.743E+14  6.742E+14  6.739E+14  6.733E+14  6.725E+14  6.713E+14  6.696E+14  6.671E+14  6.639E+14  6.595E+14  6.533E+14  6.445E+14  6.322E+14  6.144E+14  5.878E+14  5.463E+14  4.759E+14  3.413E+14  8.958E+13
  575.0000  6.886E+14  6.885E+14  6.882E+14  6.876E+14  6.867E+14  6.854E+14  6.836E+14  6.811E+14  6.778E+14  6.732E+14  6.668E+14  6.579E+14  6.452E+14  6.270E+14  5.999E+14  5.575E+14  4.855E+14  3.480E+14  9.176E+13
  580.0000  6.813E+14  6.812E+14  6.808E+14  6.803E+14  6.794E+14  6.782E+14  6.764E+14  6.740E+14  6.707E+14  6.663E+14  6.601E+14  6.515E+14  6.393E+14  6.216E+14  5.954E+14  5.543E+14  4.843E+14  3.499E+14  9.501E+13
  585.0000  6.856E+14  6.855E+14  6.852E+14  6.846E+14  6.838E+14  6.826E+14  6.809E+14  6.784E+14  6.753E+14  6.709E+14  6.649E+14  6.564E+14  6.444E+14  6.271E+14  6.012E+14  5.607E+14  4.917E+14  3.581E+14  1.003E+14
  590.0000  6.649E+14  6.648E+14  6.645E+14  6.639E+14  6.631E+14  6.619E+14  6.602E+14  6.579E+14  6.548E+14  6.506E+14  6.448E+14  6.366E+14  6.251E+14  6.084E+14  5.836E+14  5.447E+14  4.783E+14  3.495E+14  9.933E+13
  595.0000  6.808E+14  6.807E+14  6.803E+14  6.797E+14  6.787E+14  6.775E+14  6.757E+14  6.732E+14  6.699E+14  6.655E+14  6.594E+14  6.508E+14  6.388E+14  6.215E+14  5.958E+14  5.555E+14  4.868E+14  3.539E+14  9.964E+13
  600.0000  6.666E+14  6.665E+14  6.661E+14  6.654E+14  6.645E+14  6.631E+14  6.613E+14  6.587E+14  6.554E+14  6.509E+14  6.447E+14  6.360E+14  6.240E+14  6.066E+14  5.809E+14  5.407E+14  4.724E+14  3.408E+14  9.430E+13
  605.0000  6.778E+14  6.776E+14  6.772E+14  6.765E+14  6.755E+14  6.741E+14  6.723E+14  6.695E+14  6.662E+14  6.616E+14  6.553E+14  6.466E+14  6.344E+14  6.169E+14  5.909E+14  5.502E+14  4.811E+14  3.479E+14  9.734E+13
  610.0000  6.736E+14  6.735E+14  6.731E+14  6.725E+14  6.715E+14  6.702E+14  6.684E+14  6.658E+14  6.626E+14  6.583E+14  6.522E+14  6.439E+14  6.322E+14  6.154E+14  5.905E+14  5.515E+14  4.847E+14  3.549E+14  1.037E+14
  615.0000  6.622E+14  6.621E+14  6.617E+14  6.611E+14  6.602E+14  6.590E+14  6.573E+14  6.549E+14  6.519E+14  6.478E+14  6.422E+14  6.344E+14  6.234E+14  6.076E+14  5.841E+14  5.471E+14  4.837E+14  3.592E+14  1.100E+14
  620.0000  6.762E+14  6.761E+14  6.757E+14  6.752E+14  6.743E+14  6.730E+14  6.714E+14  6.691E+14  6.661E+14  6.621E+14  6.566E+14  6.489E+14  6.381E+14  6.225E+14  5.994E+14  5.629E+14  5.000E+14  3.755E+14  1.195E+14
  625.0000  6.659E+14  6.657E+14  6.654E+14  6.648E+14  6.640E+14  6.628E+14  6.612E+14  6.590E+14  6.562E+14  6.524E+14  6.471E+14  6.398E+14  6.295E+14  6.146E+14  5.925E+14  5.575E+14  4.972E+14  3.768E+14  1.239E+14
  630.0000  6.710E+14  6.709E+14  6.706E+14  6.700E+14  6.692E+14  6.681E+14  6.665E+14  6.644E+14  6.616E+14  6.579E+14  6.527E+14  6.456E+14  6.356E+14  6.211E+14  5.995E+14  5.654E+14  5.062E+14  3.875E+14  1.318E+14
  635.0000  6.707E+14  6.706E+14  6.703E+14  6.697E+14  6.689E+14  6.678E+14  6.663E+14  6.643E+14  6.616E+14  6.580E+14  6.531E+14  6.463E+14  6.366E+14  6.227E+14  6.019E+14  5.689E+14  5.116E+14  3.957E+14  1.395E+14
  640.0000  6.673E+14  6.672E+14  6.669E+14  6.664E+14  6.656E+14  6.645E+14  6.631E+14  6.612E+14  6.586E+14  6.552E+14  6.505E+14  6.440E+14  6.348E+14  6.215E+14  6.015E+14  5.699E+14  5.148E+14  4.025E+14  1.471E+14
  644.8000  6.676E+14  6.675E+14  6.672E+14  6.667E+14  6.659E+14  6.649E+14  6.635E+14  6.616E+14  6.592E+14  6.559E+14  6.514E+14  6.451E+14  6.362E+14  6.233E+14  6.041E+14  5.735E+14  5.200E+14  4.103E+14  1.548E+14
  651.0500  6.643E+14  6.642E+14  6.639E+14  6.634E+14  6.627E+14  6.617E+14  6.604E+14  6.586E+14  6.562E+14  6.531E+14  6.488E+14  6.427E+14  6.342E+14  6.219E+14  6.035E+14  5.742E+14  5.228E+14  4.165E+14  1.625E+14
  660.0000  6.374E+14  6.373E+14  6.371E+14  6.366E+14  6.359E+14  6.350E+14  6.338E+14  6.322E+14  6.300E+14  6.272E+14  6.233E+14  6.178E+14  6.101E+14  5.990E+14  5.823E+14  5.556E+14  5.088E+14  4.111E+14  1.683E+14
  670.0000  6.625E+14  6.624E+14  6.621E+14  6.617E+14  6.610E+14  6.601E+14  6.589E+14  6.573E+14  6.552E+14  6.525E+14  6.486E+14  6.434E+14  6.359E+14  6.251E+14  6.089E+14  5.830E+14  5.372E+14  4.407E+14  1.902E+14
  680.0000  6.585E+14  6.584E+14  6.582E+14  6.577E+14  6.571E+14  6.562E+14  6.551E+14  6.535E+14  6.515E+14  6.489E+14  6.454E+14  6.404E+14  6.334E+14  6.234E+14  6.082E+14  5.839E+14  5.410E+14  4.495E+14  2.029E+14
  690.0000  6.568E+14  6.567E+14  6.565E+14  6.560E+14  6.554E+14  6.546E+14  6.534E+14  6.520E+14  6.501E+14  6.476E+14  6.442E+14  6.395E+14  6.329E+14  6.233E+14  6.090E+14  5.860E+14  5.453E+14  4.578E+14  2.147E+14
  700.0000  6.532E+14  6.531E+14  6.529E+14  6.524E+14  6.518E+14  6.510E+14  6.499E+14  6.485E+14  6.467E+14  6.443E+14  6.411E+14  6.366E+14  6.304E+14  6.214E+14  6.079E+14  5.863E+14  5.480E+14  4.650E+14  2.264E+14
  710.0000  6.453E+14  6.452E+14  6.449E+14  6.445E+14  6.438E+14  6.430E+14  6.420E+14  6.406E+14  6.388E+14  6.365E+14  6.334E+14  6.292E+14  6.233E+14  6.147E+14  6.019E+14  5.814E+14  5.450E+14  4.658E+14  2.330E+14
  720.0000  6.312E+14  6.311E+14  6.308E+14  6.304E+14  6.298E+14  6.290E+14  6.279E+14  6.265E+14  6.248E+14  6.226E+14  6.197E+14  6.156E+14  6.100E+14  6.019E+14  5.898E+14  5.705E+14  5.361E+14  4.610E+14  2.361E+14
  730.0000  6.236E+14  6.235E+14  6.233E+14  6.228E+14  6.222E+14  6.214E+14  6.204E+14  6.191E+14  6.174E+14  6.153E+14  6.124E+14  6.085E+14  6.032E+14  5.955E+14  5.840E+14  5.656E+14  5.330E+14  4.615E+14  2.425E+14
------------------------------------------------------------
Photolysis rate coefficients, s-1
   1 = O3 -> O2 + O(1D)                                  
   2 = NO2 -> NO + O(3P)                                 
   3 = HNO2 -> OH + NO                                   
   4 = HNO3 -> OH + NO2                                  
   5 = Cl2 -> Cl + Cl                                    
   6 = ClOO -> Products                                  
   7 = OClO -> Products                                  
   8 = ClOOCl -> Cl + ClOO                               
   9 = ClNO2 -> Cl + NO2                                 
  10 = Br2 -> Br + Br                                    
  11 = BrO -> Br + O                                     
  12 = HOBr -> OH + Br                                   
  13 = BrNO -> Br + NO                                   
  14 = BrONO -> Br + NO2                                 
  15 = BrONO -> BrO + NO                                 
  16 = BrNO2 -> Br + NO2                                 
  17 = BrONO2 -> BrO + NO2                               
  18 = BrONO2 -> Br + NO3                                
  19 = BrCl -> Br + Cl                                   
values at z =     13.000 km
Columns: sza, photo-reactions
 sza, deg.          1          2          3          4          5          6          7          8          9         10         11         12         13         14         15         16         17         18         19
    0.0000  6.732E-05  1.391E-02  2.507E-03  9.894E-07  4.031E-03  0.000E+00  1.320E-01  3.086E-03  8.871E-04  4.299E-02  6.740E-02  3.510E-03  3.146E-02  2.124E-02  2.124E-02  7.198E-03  3.396E-04  1.925E-03  1.551E-02
    5.0000  6.691E-05  1.391E-02  2.506E-03  9.856E-07  4.029E-03  0.000E+00  1.319E-01  3.082E-03  8.862E-04  4.299E-02  6.735E-02  3.508E-03  3.146E-02  2.122E-02  2.122E-02  7.196E-03  3.394E-04  1.923E-03  1.551E-02
   10.0000  6.569E-05  1.389E-02  2.503E-03  9.741E-07  4.021E-03  0.000E+00  1.318E-01  3.073E-03  8.834E-04  4.298E-02  6.720E-02  3.504E-03  3.144E-02  2.116E-02  2.116E-02  7.190E-03  3.388E-04  1.920E-03  1.550E-02
   15.0000  6.367E-05  1.387E-02  2.499E-03  9.549E-07  4.008E-03  0.000E+00  1.315E-01  3.056E-03  8.784E-04  4.297E-02  6.694E-02  3.495E-03  3.141E-02  2.106E-02  2.106E-02  7.179E-03  3.378E-04  1.914E-03  1.549E-02
   20.0000  6.088E-05  1.383E-02  2.491E-03  9.281E-07  3.988E-03  0.000E+00  1.311E-01  3.031E-03  8.713E-04  4.294E-02  6.655E-02  3.483E-03  3.137E-02  2.091E-02  2.091E-02  7.161E-03  3.362E-04  1.905E-03  1.547E-02
   25.0000  5.735E-05  1.378E-02  2.480E-03  8.939E-07  3.960E-03  0.000E+00  1.306E-01  2.997E-03  8.614E-04  4.289E-02  6.600E-02  3.465E-03  3.130E-02  2.069E-02  2.069E-02  7.135E-03  3.341E-04  1.893E-03  1.543E-02
   30.0000  5.313E-05  1.370E-02  2.463E-03  8.522E-07  3.922E-03  0.000E+00  1.297E-01  2.953E-03  8.486E-04  4.281E-02  6.527E-02  3.440E-03  3.120E-02  2.042E-02  2.042E-02  7.099E-03  3.311E-04  1.876E-03  1.538E-02
   35.0000  4.826E-05  1.358E-02  2.440E-03  8.025E-07  3.870E-03  0.000E+00  1.286E-01  2.895E-03  8.317E-04  4.267E-02  6.426E-02  3.405E-03  3.105E-02  2.005E-02  2.005E-02  7.045E-03  3.271E-04  1.854E-03  1.530E-02
   40.0000  4.286E-05  1.343E-02  2.410E-03  7.460E-07  3.803E-03  0.000E+00  1.270E-01  2.825E-03  8.109E-04  4.247E-02  6.300E-02  3.361E-03  3.085E-02  1.958E-02  1.958E-02  6.974E-03  3.220E-04  1.825E-03  1.519E-02
   45.0000  3.710E-05  1.322E-02  2.369E-03  6.826E-07  3.718E-03  0.000E+00  1.250E-01  2.737E-03  7.852E-04  4.217E-02  6.137E-02  3.302E-03  3.058E-02  1.900E-02  1.900E-02  6.878E-03  3.155E-04  1.788E-03  1.503E-02
   50.0000  3.101E-05  1.294E-02  2.313E-03  6.115E-07  3.605E-03  0.000E+00  1.222E-01  2.627E-03  7.527E-04  4.173E-02  5.926E-02  3.225E-03  3.019E-02  1.826E-02  1.826E-02  6.746E-03  3.070E-04  1.740E-03  1.480E-02
   55.0000  2.482E-05  1.255E-02  2.239E-03  5.335E-07  3.460E-03  0.000E+00  1.185E-01  2.491E-03  7.125E-04  4.110E-02  5.655E-02  3.123E-03  2.966E-02  1.733E-02  1.733E-02  6.568E-03  2.960E-04  1.677E-03  1.449E-02
   60.0000  1.875E-05  1.204E-02  2.140E-03  4.493E-07  3.272E-03  0.000E+00  1.135E-01  2.323E-03  6.625E-04  4.018E-02  5.308E-02  2.990E-03  2.892E-02  1.616E-02  1.616E-02  6.327E-03  2.818E-04  1.597E-03  1.405E-02
   65.0000  1.310E-05  1.135E-02  2.006E-03  3.603E-07  3.028E-03  0.000E+00  1.068E-01  2.114E-03  6.005E-04  3.886E-02  4.861E-02  2.813E-03  2.788E-02  1.469E-02  1.469E-02  6.000E-03  2.634E-04  1.493E-03  1.344E-02
   70.0000  8.193E-06  1.040E-02  1.824E-03  2.687E-07  2.708E-03  0.000E+00  9.772E-02  1.852E-03  5.230E-04  3.691E-02  4.283E-02  2.576E-03  2.639E-02  1.282E-02  1.282E-02  5.548E-03  2.392E-04  1.355E-03  1.258E-02
   75.0000  4.380E-06  9.072E-03  1.572E-03  1.781E-07  2.283E-03  0.000E+00  8.504E-02  1.522E-03  4.254E-04  3.394E-02  3.527E-02  2.250E-03  2.418E-02  1.043E-02  1.043E-02  4.907E-03  2.065E-04  1.170E-03  1.131E-02
   80.0000  1.873E-06  7.132E-03  1.210E-03  9.500E-08  1.703E-03  0.000E+00  6.672E-02  1.097E-03  3.015E-04  2.912E-02  2.526E-02  1.783E-03  2.068E-02  7.356E-03  7.356E-03  3.955E-03  1.611E-04  9.130E-04  9.349E-03
   85.0000  5.460E-07  4.156E-03  6.715E-04  3.063E-08  9.070E-04  0.000E+00  3.893E-02  5.554E-04  1.472E-04  2.037E-02  1.227E-02  1.077E-03  1.450E-02  3.494E-03  3.494E-03  2.442E-03  9.485E-05  5.375E-04  6.067E-03
   90.0000  6.694E-08  5.216E-04  7.917E-05  3.054E-09  1.117E-04  0.000E+00  5.137E-03  6.428E-05  1.644E-05  4.236E-03  1.347E-03  1.691E-04  3.553E-03  3.806E-04  3.806E-04  3.562E-04  1.397E-05  7.916E-05  1.030E-03
------------------------------------------------------------
