Spectral actinic flux, quanta cm-2 s-1 nm-1
values at z =     10.000 km
Columns: wavelength (nm), solar zenith angles (deg.)
    wc, nm      0.000      5.000     10.000     15.000     20.000     25.000     30.000     35.000     40.000     45.000     50.000     55.000     60.000     65.000     70.000     75.000     80.000     85.000     90.000
  120.7000  0.000E+00  0.000E+00  0.000E+00  0.000E+00  0.000E+00  0.000E+00  0.000E+00  0.000E+00  0.000E+00  0.000E+00  0.000E+00  0.000E+00  0.000E+00  0.000E+00  0.000E+00  0.000E+00  0.000E+00  0.000E+00  0.000E+00
  121.6500  0.000E+00  0.000E+00  0.000E+00  0.000E+00  0.000E+00  0.000E+00  0.000E+00  0.000E+00  0.000E+00  0.000E+00  0.000E+00  0.000E+00  0.000E+00  0.000E+00  0.000E+00  0.000E+00  0.000E+00  0.000E+00  0.000E+00
  122.1000  0.000E+00  0.000E+00  0.000E+00  0.000E+00  0.000E+00  0.000E+00  0.000E+00  0.000E+00  0.000E+00  0.000E+00  0.000E+00  0.000E+00  0.000E+00  0.000E+00  0.000E+00  0.000E+00  0.000E+00  0.000E+00  0.000E+00
  122.7000  0.000E+00  0.000E+00  0.000E+00  0.000E+00  0.000E+00  0.000E+00  0.000E+00  0.000E+00  0.000E+00  0.000E+00  0.000E+00  0.000E+00  0.000E+00  0.000E+00  0.000E+00  0.000E+00  0.000E+00  0.000E+00  0.000E+00
  123.4500  0.000E+00  0.000E+00  0.000E+00  0.000E+00  0.000E+00  0.000E+00  0.000E+00  0.000E+00  0.000E+00  0.000E+00  0.000E+00  0.000E+00  0.000E+00  0.000E+00  0.000E+00  0.000E+00  0.000E+00  0.000E+00  0.000E+00
  124.2000  0.000E+00  0.000E+00  0.000E+00  0.000E+00  0.000E+00  0.000E+00  0.000E+00  0.000E+00  0.000E+00  0.000E+00  0.000E+00  0.000E+00  0.000E+00  0.000E+00  0.000E+00  0.000E+00  0.000E+00  0.000E+00  0.000E+00
  125.0000  0.000E+00  0.000E+00  0.000E+00  0.000E+00  0.000E+00  0.000E+00  0.000E+00  0.000E+00  0.000E+00  0.000E+00  0.000E+00  0.000E+00  0.000E+00  0.000E+00  0.000E+00  0.000E+00  0.000E+00  0.000E+00  0.000E+00
  125.8000  0.000E+00  0.000E+00  0.000E+00  0.000E+00  0.000E+00  0.000E+00  0.000E+00  0.000E+00  0.000E+00  0.000E+00  0.000E+00  0.000E+00  0.000E+00  0.000E+00  0.000E+00  0.000E+00  0.000E+00  0.000E+00  0.000E+00
  126.6000  0.000E+00  0.000E+00  0.000E+00  0.000E+00  0.000E+00  0.000E+00  0.000E+00  0.000E+00  0.000E+00  0.000E+00  0.000E+00  0.000E+00  0.000E+00  0.000E+00  0.000E+00  0.000E+00  0.000E+00  0.000E+00  0.000E+00
  127.8000  0.000E+00  0.000E+00  0.000E+00  0.000E+00  0.000E+00  0.000E+00  0.000E+00  0.000E+00  0.000E+00  0.000E+00  0.000E+00  0.000E+00  0.000E+00  0.000E+00  0.000E+00  0.000E+00  0.000E+00  0.000E+00  0.000E+00
  129.0000  0.000E+00  0.000E+00  0.000E+00  0.000E+00  0.000E+00  0.000E+00  0.000E+00  0.000E+00  0.000E+00  0.000E+00  0.000E+00  0.000E+00  0.000E+00  0.000E+00  0.000E+00  0.000E+00  0.000E+00  0.000E+00  0.000E+00
  129.8500  0.000E+00  0.000E+00  0.000E+00  0.000E+00  0.000E+00  0.000E+00  0.000E+00  0.000E+00  0.000E+00  0.000E+00  0.000E+00  0.000E+00  0.000E+00  0.000E+00  0.000E+00  0.000E+00  0.000E+00  0.000E+00  0.000E+00
  131.1500  0.000E+00  0.000E+00  0.000E+00  0.000E+00  0.000E+00  0.000E+00  0.000E+00  0.000E+00  0.000E+00  0.000E+00  0.000E+00  0.000E+00  0.000E+00  0.000E+00  0.000E+00  0.000E+00  0.000E+00  0.000E+00  0.000E+00
  133.5000  0.000E+00  0.000E+00  0.000E+00  0.000E+00  0.000E+00  0.000E+00  0.000E+00  0.000E+00  0.000E+00  0.000E+00  0.000E+00  0.000E+00  0.000E+00  0.000E+00  0.000E+00  0.000E+00  0.000E+00  0.000E+00  0.000E+00
  136.0000  0.000E+00  0.000E+00  0.000E+00  0.000E+00  0.000E+00  0.000E+00  0.000E+00  0.000E+00  0.000E+00  0.000E+00  0.000E+00  0.000E+00  0.000E+00  0.000E+00  0.000E+00  0.000E+00  0.000E+00  0.000E+00  0.000E+00
  141.0000  0.000E+00  0.000E+00  0.000E+00  0.000E+00  0.000E+00  0.000E+00  0.000E+00  0.000E+00  0.000E+00  0.000E+00  0.000E+00  0.000E+00  0.000E+00  0.000E+00  0.000E+00  0.000E+00  0.000E+00  0.000E+00  0.000E+00
  150.0000  0.000E+00  0.000E+00  0.000E+00  0.000E+00  0.000E+00  0.000E+00  0.000E+00  0.000E+00  0.000E+00  0.000E+00  0.000E+00  0.000E+00  0.000E+00  0.000E+00  0.000E+00  0.000E+00  0.000E+00  0.000E+00  0.000E+00
  160.0000  0.000E+00  0.000E+00  0.000E+00  0.000E+00  0.000E+00  0.000E+00  0.000E+00  0.000E+00  0.000E+00  0.000E+00  0.000E+00  0.000E+00  0.000E+00  0.000E+00  0.000E+00  0.000E+00  0.000E+00  0.000E+00  0.000E+00
  167.5000  0.000E+00  0.000E+00  0.000E+00  0.000E+00  0.000E+00  0.000E+00  0.000E+00  0.000E+00  0.000E+00  0.000E+00  0.000E+00  0.000E+00  0.000E+00  0.000E+00  0.000E+00  0.000E+00  0.000E+00  0.000E+00  0.000E+00
  172.2000  0.000E+00  0.000E+00  0.000E+00  0.000E+00  0.000E+00  0.000E+00  0.000E+00  0.000E+00  0.000E+00  0.000E+00  0.000E+00  0.000E+00  0.000E+00  0.000E+00  0.000E+00  0.000E+00  0.000E+00  0.000E+00  0.000E+00
  175.7000  0.000E+00  0.000E+00  0.000E+00  0.000E+00  0.000E+00  0.000E+00  0.000E+00  0.000E+00  0.000E+00  0.000E+00  0.000E+00  0.000E+00  0.000E+00  0.000E+00  0.000E+00  0.000E+00  0.000E+00  0.000E+00  0.000E+00
  177.8000  0.000E+00  0.000E+00  0.000E+00  0.000E+00  0.000E+00  0.000E+00  0.000E+00  0.000E+00  0.000E+00  0.000E+00  0.000E+00  0.000E+00  0.000E+00  0.000E+00  0.000E+00  0.000E+00  0.000E+00  0.000E+00  0.000E+00
  179.4000  0.000E+00  0.000E+00  0.000E+00  0.000E+00  0.000E+00  0.000E+00  0.000E+00  0.000E+00  0.000E+00  0.000E+00  0.000E+00  0.000E+00  0.000E+00  0.000E+00  0.000E+00  0.000E+00  0.000E+00  0.000E+00  0.000E+00
  181.0000  0.000E+00  0.000E+00  0.000E+00  0.000E+00  0.000E+00  0.000E+00  0.000E+00  0.000E+00  0.000E+00  0.000E+00  0.000E+00  0.000E+00  0.000E+00  0.000E+00  0.000E+00  0.000E+00  0.000E+00  0.000E+00  0.000E+00
  182.6500  0.000E+00  0.000E+00  0.000E+00  0.000E+00  0.000E+00  0.000E+00  0.000E+00  0.000E+00  0.000E+00  0.000E+00  0.000E+00  0.000E+00  0.000E+00  0.000E+00  0.000E+00  0.000E+00  0.000E+00  0.000E+00  0.000E+00
  184.3500  0.000E+00  0.000E+00  0.000E+00  0.000E+00  0.000E+00  0.000E+00  0.000E+00  0.000E+00  0.000E+00  0.000E+00  0.000E+00  0.000E+00  0.000E+00  0.000E+00  0.000E+00  0.000E+00  0.000E+00  0.000E+00  0.000E+00
  186.0500  0.000E+00  0.000E+00  0.000E+00  0.000E+00  0.000E+00  0.000E+00  0.000E+00  0.000E+00  0.000E+00  0.000E+00  0.000E+00  0.000E+00  0.000E+00  0.000E+00  0.000E+00  0.000E+00  0.000E+00  0.000E+00  0.000E+00
  187.8000  0.000E+00  0.000E+00  0.000E+00  0.000E+00  0.000E+00  0.000E+00  0.000E+00  0.000E+00  0.000E+00  0.000E+00  0.000E+00  0.000E+00  0.000E+00  0.000E+00  0.000E+00  0.000E+00  0.000E+00  0.000E+00  0.000E+00
  189.6000  0.000E+00  0.000E+00  0.000E+00  0.000E+00  0.000E+00  0.000E+00  0.000E+00  0.000E+00  0.000E+00  0.000E+00  0.000E+00  0.000E+00  0.000E+00  0.000E+00  0.000E+00  0.000E+00  0.000E+00  0.000E+00  0.000E+00
  191.4000  0.000E+00  0.000E+00  0.000E+00  0.000E+00  0.000E+00  0.000E+00  0.000E+00  0.000E+00  0.000E+00  0.000E+00  0.000E+00  0.000E+00  0.000E+00  0.000E+00  0.000E+00  0.000E+00  0.000E+00  0.000E+00  0.000E+00
  193.2500  0.000E+00  0.000E+00  0.000E+00  0.000E+00  0.000E+00  0.000E+00  0.000E+00  0.000E+00  0.000E+00  0.000E+00  0.000E+00  0.000E+00  0.000E+00  0.000E+00  0.000E+00  0.000E+00  0.000E+00  0.000E+00  0.000E+00
  195.1500  0.000E+00  0.000E+00  0.000E+00  0.000E+00  0.000E+00  0.000E+00  0.000E+00  0.000E+00  0.000E+00  0.000E+00  0.000E+00  0.000E+00  0.000E+00  0.000E+00  0.000E+00  0.000E+00  0.000E+00  0.000E+00  0.000E+00
  197.0500  0.000E+00  0.000E+00  0.000E+00  0.000E+00  0.000E+00  0.000E+00  0.000E+00  0.000E+00  0.000E+00  0.000E+00  0.000E+00  0.000E+00  0.000E+00  0.000E+00  0.000E+00  0.000E+00  0.000E+00  0.000E+00  0.000E+00
  199.0000  0.000E+00  0.000E+00  0.000E+00  0.000E+00  0.000E+00  0.000E+00  0.000E+00  0.000E+00  0.000E+00  0.000E+00  0.000E+00  0.000E+00  0.000E+00  0.000E+00  0.000E+00  0.000E+00  0.000E+00  0.000E+00  0.000E+00
  201.0000  0.000E+00  0.000E+00  0.000E+00  0.000E+00  0.000E+00  0.000E+00  0.000E+00  0.000E+00  0.000E+00  0.000E+00  0.000E+00  0.000E+00  0.000E+00  0.000E+00  0.000E+00  0.000E+00  0.000E+00  0.000E+00  0.000E+00
  203.0500  2.636E+06  2.514E+06  2.180E+06  1.710E+06  1.206E+06  7.569E+05  4.191E+05  1.993E+05  8.837E+04  3.747E+04  1.718E+04  9.217E+03  5.537E+03  3.511E+03  2.275E+03  1.462E+03  8.942E+02  4.695E+02  1.489E+02
  204.9500  0.000E+00  0.000E+00  0.000E+00  0.000E+00  0.000E+00  0.000E+00  0.000E+00  0.000E+00  0.000E+00  0.000E+00  0.000E+00  0.000E+00  0.000E+00  0.000E+00  0.000E+00  0.000E+00  0.000E+00  0.000E+00  0.000E+00
  207.0665  0.000E+00  0.000E+00  0.000E+00  0.000E+00  0.000E+00  0.000E+00  0.000E+00  0.000E+00  0.000E+00  0.000E+00  0.000E+00  0.000E+00  0.000E+00  0.000E+00  0.000E+00  0.000E+00  0.000E+00  0.000E+00  0.000E+00
  209.4295  0.000E+00  0.000E+00  0.000E+00  0.000E+00  0.000E+00  0.000E+00  0.000E+00  0.000E+00  0.000E+00  0.000E+00  0.000E+00  0.000E+00  0.000E+00  0.000E+00  0.000E+00  0.000E+00  0.000E+00  0.000E+00  0.000E+00
  211.6460  0.000E+00  0.000E+00  0.000E+00  0.000E+00  0.000E+00  0.000E+00  0.000E+00  0.000E+00  0.000E+00  0.000E+00  0.000E+00  0.000E+00  0.000E+00  0.000E+00  0.000E+00  0.000E+00  0.000E+00  0.000E+00  0.000E+00
  213.9100  0.000E+00  0.000E+00  0.000E+00  0.000E+00  0.000E+00  0.000E+00  0.000E+00  0.000E+00  0.000E+00  0.000E+00  0.000E+00  0.000E+00  0.000E+00  0.000E+00  0.000E+00  0.000E+00  0.000E+00  0.000E+00  0.000E+00
  216.2225  0.000E+00  0.000E+00  0.000E+00  0.000E+00  0.000E+00  0.000E+00  0.000E+00  0.000E+00  0.000E+00  0.000E+00  0.000E+00  0.000E+00  0.000E+00  0.000E+00  0.000E+00  0.000E+00  0.000E+00  0.000E+00  0.000E+00
  218.5855  0.000E+00  0.000E+00  0.000E+00  0.000E+00  0.000E+00  0.000E+00  0.000E+00  0.000E+00  0.000E+00  0.000E+00  0.000E+00  0.000E+00  0.000E+00  0.000E+00  0.000E+00  0.000E+00  0.000E+00  0.000E+00  0.000E+00
  221.0010  0.000E+00  0.000E+00  0.000E+00  0.000E+00  0.000E+00  0.000E+00  0.000E+00  0.000E+00  0.000E+00  0.000E+00  0.000E+00  0.000E+00  0.000E+00  0.000E+00  0.000E+00  0.000E+00  0.000E+00  0.000E+00  0.000E+00
  223.4705  0.000E+00  0.000E+00  0.000E+00  0.000E+00  0.000E+00  0.000E+00  0.000E+00  0.000E+00  0.000E+00  0.000E+00  0.000E+00  0.000E+00  0.000E+00  0.000E+00  0.000E+00  0.000E+00  0.000E+00  0.000E+00  0.000E+00
  225.9960  0.000E+00  0.000E+00  0.000E+00  0.000E+00  0.000E+00  0.000E+00  0.000E+00  0.000E+00  0.000E+00  0.000E+00  0.000E+00  0.000E+00  0.000E+00  0.000E+00  0.000E+00  0.000E+00  0.000E+00  0.000E+00  0.000E+00
  228.5790  0.000E+00  0.000E+00  0.000E+00  0.000E+00  0.000E+00  0.000E+00  0.000E+00  0.000E+00  0.000E+00  0.000E+00  0.000E+00  0.000E+00  0.000E+00  0.000E+00  0.000E+00  0.000E+00  0.000E+00  0.000E+00  0.000E+00
  231.2215  0.000E+00  0.000E+00  0.000E+00  0.000E+00  0.000E+00  0.000E+00  0.000E+00  0.000E+00  0.000E+00  0.000E+00  0.000E+00  0.000E+00  0.000E+00  0.000E+00  0.000E+00  0.000E+00  0.000E+00  0.000E+00  0.000E+00
  233.9260  0.000E+00  0.000E+00  0.000E+00  0.000E+00  0.000E+00  0.000E+00  0.000E+00  0.000E+00  0.000E+00  0.000E+00  0.000E+00  0.000E+00  0.000E+00  0.000E+00  0.000E+00  0.000E+00  0.000E+00  0.000E+00  0.000E+00
  236.6945  0.000E+00  0.000E+00  0.000E+00  0.000E+00  0.000E+00  0.000E+00  0.000E+00  0.000E+00  0.000E+00  0.000E+00  0.000E+00  0.000E+00  0.000E+00  0.000E+00  0.000E+00  0.000E+00  0.000E+00  0.000E+00  0.000E+00
  239.5295  0.000E+00  0.000E+00  0.000E+00  0.000E+00  0.000E+00  0.000E+00  0.000E+00  0.000E+00  0.000E+00  0.000E+00  0.000E+00  0.000E+00  0.000E+00  0.000E+00  0.000E+00  0.000E+00  0.000E+00  0.000E+00  0.000E+00
  242.4330  0.000E+00  0.000E+00  0.000E+00  0.000E+00  0.000E+00  0.000E+00  0.000E+00  0.000E+00  0.000E+00  0.000E+00  0.000E+00  0.000E+00  0.000E+00  0.000E+00  0.000E+00  0.000E+00  0.000E+00  0.000E+00  0.000E+00
  245.4080  0.000E+00  0.000E+00  0.000E+00  0.000E+00  0.000E+00  0.000E+00  0.000E+00  0.000E+00  0.000E+00  0.000E+00  0.000E+00  0.000E+00  0.000E+00  0.000E+00  0.000E+00  0.000E+00  0.000E+00  0.000E+00  0.000E+00
  248.4570  0.000E+00  0.000E+00  0.000E+00  0.000E+00  0.000E+00  0.000E+00  0.000E+00  0.000E+00  0.000E+00  0.000E+00  0.000E+00  0.000E+00  0.000E+00  0.000E+00  0.000E+00  0.000E+00  0.000E+00  0.000E+00  0.000E+00
  251.5825  0.000E+00  0.000E+00  0.000E+00  0.000E+00  0.000E+00  0.000E+00  0.000E+00  0.000E+00  0.000E+00  0.000E+00  0.000E+00  0.000E+00  0.000E+00  0.000E+00  0.000E+00  0.000E+00  0.000E+00  0.000E+00  0.000E+00
  254.7875  0.000E+00  0.000E+00  0.000E+00  0.000E+00  0.000E+00  0.000E+00  0.000E+00  0.000E+00  0.000E+00  0.000E+00  0.000E+00  0.000E+00  0.000E+00  0.000E+00  0.000E+00  0.000E+00  0.000E+00  0.000E+00  0.000E+00
  258.0750  0.000E+00  0.000E+00  0.000E+00  0.000E+00  0.000E+00  0.000E+00  0.000E+00  0.000E+00  0.000E+00  0.000E+00  0.000E+00  0.000E+00  0.000E+00  0.000E+00  0.000E+00  0.000E+00  0.000E+00  0.000E+00  0.000E+00
  261.4490  0.000E+00  0.000E+00  0.000E+00  0.000E+00  0.000E+00  0.000E+00  0.000E+00  0.000E+00  0.000E+00  0.000E+00  0.000E+00  0.000E+00  0.000E+00  0.000E+00  0.000E+00  0.000E+00  0.000E+00  0.000E+00  0.000E+00
  264.9125  0.000E+00  0.000E+00  0.000E+00  0.000E+00  0.000E+00  0.000E+00  0.000E+00  0.000E+00  0.000E+00  0.000E+00  0.000E+00  0.000E+00  0.000E+00  0.000E+00  0.000E+00  0.000E+00  0.000E+00  0.000E+00  0.000E+00
  268.4685  0.000E+00  0.000E+00  0.000E+00  0.000E+00  0.000E+00  0.000E+00  0.000E+00  0.000E+00  0.000E+00  0.000E+00  0.000E+00  0.000E+00  0.000E+00  0.000E+00  0.000E+00  0.000E+00  0.000E+00  0.000E+00  0.000E+00
  272.1215  0.000E+00  0.000E+00  0.000E+00  0.000E+00  0.000E+00  0.000E+00  0.000E+00  0.000E+00  0.000E+00  0.000E+00  0.000E+00  0.000E+00  0.000E+00  0.000E+00  0.000E+00  0.000E+00  0.000E+00  0.000E+00  0.000E+00
  275.8755  0.000E+00  0.000E+00  0.000E+00  0.000E+00  0.000E+00  0.000E+00  0.000E+00  0.000E+00  0.000E+00  0.000E+00  0.000E+00  0.000E+00  0.000E+00  0.000E+00  0.000E+00  0.000E+00  0.000E+00  0.000E+00  0.000E+00
  279.7340  0.000E+00  0.000E+00  0.000E+00  0.000E+00  0.000E+00  0.000E+00  0.000E+00  0.000E+00  0.000E+00  0.000E+00  0.000E+00  0.000E+00  0.000E+00  0.000E+00  0.000E+00  0.000E+00  0.000E+00  0.000E+00  0.000E+00
  283.7020  0.000E+00  0.000E+00  0.000E+00  0.000E+00  0.000E+00  0.000E+00  0.000E+00  0.000E+00  0.000E+00  0.000E+00  0.000E+00  0.000E+00  0.000E+00  0.000E+00  0.000E+00  0.000E+00  0.000E+00  0.000E+00  0.000E+00
  287.7845  0.000E+00  0.000E+00  0.000E+00  0.000E+00  0.000E+00  0.000E+00  0.000E+00  0.000E+00  0.000E+00  0.000E+00  0.000E+00  0.000E+00  0.000E+00  0.000E+00  0.000E+00  0.000E+00  0.000E+00  0.000E+00  0.000E+00
  291.9865  3.465E+10  3.357E+10  3.051E+10  2.590E+10  2.041E+10  1.479E+10  9.713E+09  5.646E+09  2.850E+09  1.202E+09  4.049E+08  1.092E+08  2.962E+07  1.299E+07  8.163E+06  5.493E+06  3.661E+06  2.235E+06  9.094E+05
  296.3090  1.153E+12  1.132E+12  1.071E+12  9.727E+11  8.463E+11  7.008E+11  5.477E+11  3.986E+11  2.663E+11  1.598E+11  8.285E+10  3.556E+10  1.212E+10  3.474E+09  1.245E+09  6.927E+08  4.286E+08  2.454E+08  9.558E+07
  300.5000  8.321E+12  8.231E+12  7.962E+12  7.524E+12  6.928E+12  6.196E+12  5.353E+12  4.433E+12  3.485E+12  2.570E+12  1.731E+12  1.033E+12  5.200E+11  2.059E+11  6.123E+10  1.764E+10  8.153E+09  4.205E+09  1.507E+09
  303.0000  2.649E+13  2.628E+13  2.566E+13  2.463E+13  2.321E+13  2.140E+13  1.924E+13  1.681E+13  1.408E+13  1.128E+13  8.451E+12  5.788E+12  3.485E+12  1.732E+12  6.459E+11  1.700E+11  4.867E+10  2.153E+10  7.104E+09
  304.0000  3.008E+13  2.987E+13  2.922E+13  2.816E+13  2.667E+13  2.477E+13  2.249E+13  1.981E+13  1.692E+13  1.383E+13  1.063E+13  7.524E+12  4.733E+12  2.493E+12  9.998E+11  2.751E+11  6.936E+10  2.820E+10  9.027E+09
  305.0000  4.327E+13  4.300E+13  4.219E+13  4.084E+13  3.895E+13  3.652E+13  3.356E+13  3.017E+13  2.616E+13  2.191E+13  1.740E+13  1.285E+13  8.546E+12  4.855E+12  2.151E+12  6.498E+11  1.455E+11  5.007E+10  1.522E+10
  306.0000  4.200E+13  4.177E+13  4.105E+13  3.986E+13  3.818E+13  3.601E+13  3.336E+13  3.021E+13  2.660E+13  2.264E+13  1.835E+13  1.392E+13  9.601E+12  5.730E+12  2.714E+12  8.855E+11  1.920E+11  5.711E+10  1.661E+10
  307.0000  5.600E+13  5.572E+13  5.487E+13  5.345E+13  5.144E+13  4.883E+13  4.560E+13  4.169E+13  3.724E+13  3.224E+13  2.672E+13  2.086E+13  1.495E+13  9.403E+12  4.794E+12  1.718E+12  3.780E+11  9.350E+10  2.550E+10
  308.0000  6.778E+13  6.748E+13  6.657E+13  6.503E+13  6.286E+13  6.001E+13  5.646E+13  5.213E+13  4.713E+13  4.145E+13  3.504E+13  2.808E+13  2.085E+13  1.376E+13  7.514E+12  2.959E+12  6.923E+11  1.441E+11  3.617E+10
  309.0000  7.150E+13  7.120E+13  7.031E+13  6.880E+13  6.665E+13  6.385E+13  6.033E+13  5.596E+13  5.099E+13  4.523E+13  3.867E+13  3.146E+13  2.382E+13  1.616E+13  9.172E+12  3.814E+12  9.400E+11  1.786E+11  4.218E+10
  310.0000  7.278E+13  7.252E+13  7.174E+13  7.042E+13  6.852E+13  6.602E+13  6.287E+13  5.891E+13  5.434E+13  4.897E+13  4.274E+13  3.571E+13  2.803E+13  1.999E+13  1.220E+13  5.647E+12  1.577E+12  2.665E+11  5.402E+10
  311.0000  1.239E+14  1.234E+14  1.222E+14  1.201E+14  1.171E+14  1.131E+14  1.080E+14  1.017E+14  9.426E+13  8.552E+13  7.527E+13  6.361E+13  5.067E+13  3.690E+13  2.320E+13  1.124E+13  3.332E+12  5.485E+11  1.028E+11
  312.0000  1.126E+14  1.123E+14  1.113E+14  1.096E+14  1.071E+14  1.038E+14  9.961E+13  9.425E+13  8.806E+13  8.064E+13  7.183E+13  6.165E+13  5.016E+13  3.761E+13  2.467E+13  1.274E+13  4.149E+12  6.827E+11  1.124E+11
  313.0000  1.283E+14  1.279E+14  1.269E+14  1.251E+14  1.226E+14  1.192E+14  1.149E+14  1.094E+14  1.029E+14  9.508E+13  8.568E+13  7.467E+13  6.199E+13  4.781E+13  3.268E+13  1.800E+13  6.460E+12  1.110E+12  1.593E+11
  314.0000  1.407E+14  1.404E+14  1.393E+14  1.375E+14  1.348E+14  1.313E+14  1.268E+14  1.210E+14  1.141E+14  1.058E+14  9.581E+13  8.400E+13  7.032E+13  5.486E+13  3.812E+13  2.154E+13  8.039E+12  1.414E+12  1.917E+11
  316.0000  1.478E+14  1.475E+14  1.466E+14  1.451E+14  1.428E+14  1.397E+14  1.358E+14  1.306E+14  1.245E+14  1.169E+14  1.076E+14  9.642E+13  8.311E+13  6.751E+13  4.978E+13  3.085E+13  1.340E+13  2.760E+12  3.110E+11
  320.0000  1.935E+14  1.932E+14  1.923E+14  1.908E+14  1.885E+14  1.855E+14  1.814E+14  1.762E+14  1.697E+14  1.616E+14  1.515E+14  1.390E+14  1.236E+14  1.049E+14  8.250E+13  5.652E+13  2.911E+13  7.670E+12  7.871E+11
  325.0000  2.498E+14  2.495E+14  2.487E+14  2.472E+14  2.451E+14  2.422E+14  2.382E+14  2.330E+14  2.264E+14  2.181E+14  2.074E+14  1.938E+14  1.768E+14  1.553E+14  1.285E+14  9.529E+13  5.633E+13  1.884E+13  2.144E+12
  330.0000  3.086E+14  3.083E+14  3.075E+14  3.061E+14  3.039E+14  3.010E+14  2.969E+14  2.915E+14  2.845E+14  2.756E+14  2.640E+14  2.491E+14  2.301E+14  2.057E+14  1.745E+14  1.346E+14  8.513E+13  3.219E+13  4.067E+12
  335.0000  2.910E+14  2.908E+14  2.902E+14  2.891E+14  2.874E+14  2.850E+14  2.818E+14  2.773E+14  2.715E+14  2.641E+14  2.543E+14  2.415E+14  2.250E+14  2.036E+14  1.756E+14  1.391E+14  9.212E+13  3.788E+13  5.173E+12
  340.0000  3.121E+14  3.119E+14  3.113E+14  3.103E+14  3.087E+14  3.065E+14  3.033E+14  2.990E+14  2.933E+14  2.860E+14  2.762E+14  2.634E+14  2.467E+14  2.248E+14  1.959E+14  1.576E+14  1.071E+14  4.612E+13  6.412E+12
  345.0000  3.035E+14  3.033E+14  3.028E+14  3.019E+14  3.005E+14  2.985E+14  2.957E+14  2.918E+14  2.868E+14  2.801E+14  2.712E+14  2.594E+14  2.439E+14  2.234E+14  1.962E+14  1.597E+14  1.106E+14  4.917E+13  6.794E+12
  350.0000  3.128E+14  3.126E+14  3.121E+14  3.113E+14  3.100E+14  3.081E+14  3.054E+14  3.017E+14  2.967E+14  2.902E+14  2.814E+14  2.698E+14  2.544E+14  2.339E+14  2.064E+14  1.693E+14  1.187E+14  5.379E+13  7.197E+12
  355.0000  3.265E+14  3.264E+14  3.259E+14  3.251E+14  3.239E+14  3.221E+14  3.195E+14  3.158E+14  3.110E+14  3.046E+14  2.959E+14  2.843E+14  2.688E+14  2.481E+14  2.202E+14  1.821E+14  1.294E+14  6.009E+13  7.871E+12
  360.0000  2.950E+14  2.949E+14  2.945E+14  2.938E+14  2.928E+14  2.913E+14  2.892E+14  2.861E+14  2.820E+14  2.765E+14  2.690E+14  2.589E+14  2.455E+14  2.274E+14  2.028E+14  1.689E+14  1.215E+14  5.766E+13  7.374E+12
  365.0000  3.710E+14  3.709E+14  3.704E+14  3.697E+14  3.685E+14  3.668E+14  3.643E+14  3.606E+14  3.557E+14  3.492E+14  3.402E+14  3.281E+14  3.118E+14  2.898E+14  2.597E+14  2.178E+14  1.585E+14  7.676E+13  9.596E+12
  370.0000  3.819E+14  3.817E+14  3.814E+14  3.807E+14  3.796E+14  3.779E+14  3.755E+14  3.720E+14  3.672E+14  3.608E+14  3.520E+14  3.401E+14  3.239E+14  3.019E+14  2.717E+14  2.293E+14  1.687E+14  8.336E+13  1.021E+13
  375.0000  3.418E+14  3.417E+14  3.414E+14  3.408E+14  3.399E+14  3.386E+14  3.366E+14  3.336E+14  3.296E+14  3.242E+14  3.166E+14  3.064E+14  2.924E+14  2.733E+14  2.470E+14  2.097E+14  1.558E+14  7.853E+13  9.442E+12
  380.0000  3.898E+14  3.897E+14  3.893E+14  3.888E+14  3.878E+14  3.864E+14  3.842E+14  3.811E+14  3.768E+14  3.709E+14  3.626E+14  3.514E+14  3.361E+14  3.150E+14  2.857E+14  2.440E+14  1.830E+14  9.403E+13  1.114E+13
  385.0000  2.917E+14  2.916E+14  2.914E+14  2.910E+14  2.904E+14  2.894E+14  2.879E+14  2.857E+14  2.826E+14  2.784E+14  2.725E+14  2.645E+14  2.534E+14  2.381E+14  2.167E+14  1.861E+14  1.409E+14  7.375E+13  8.647E+12
  390.0000  3.784E+14  3.784E+14  3.781E+14  3.776E+14  3.769E+14  3.757E+14  3.739E+14  3.712E+14  3.674E+14  3.622E+14  3.549E+14  3.449E+14  3.310E+14  3.117E+14  2.847E+14  2.458E+14  1.878E+14  1.001E+14  1.165E+13
  395.0000  2.919E+14  2.918E+14  2.917E+14  2.913E+14  2.908E+14  2.899E+14  2.886E+14  2.867E+14  2.839E+14  2.801E+14  2.747E+14  2.673E+14  2.569E+14  2.425E+14  2.222E+14  1.928E+14  1.486E+14  8.058E+13  9.358E+12
  400.0000  5.391E+14  5.390E+14  5.388E+14  5.382E+14  5.373E+14  5.358E+14  5.336E+14  5.302E+14  5.254E+14  5.187E+14  5.092E+14  4.959E+14  4.775E+14  4.517E+14  4.151E+14  3.618E+14  2.811E+14  1.551E+14  1.804E+13
  405.0000  5.473E+14  5.472E+14  5.469E+14  5.464E+14  5.456E+14  5.442E+14  5.421E+14  5.388E+14  5.342E+14  5.277E+14  5.185E+14  5.055E+14  4.874E+14  4.620E+14  4.259E+14  3.729E+14  2.919E+14  1.638E+14  1.915E+13
  410.0000  5.622E+14  5.621E+14  5.619E+14  5.614E+14  5.606E+14  5.593E+14  5.573E+14  5.541E+14  5.496E+14  5.433E+14  5.341E+14  5.213E+14  5.033E+14  4.780E+14  4.418E+14  3.885E+14  3.064E+14  1.746E+14  2.061E+13
  415.0000  5.839E+14  5.839E+14  5.836E+14  5.832E+14  5.825E+14  5.812E+14  5.792E+14  5.761E+14  5.716E+14  5.654E+14  5.562E+14  5.434E+14  5.254E+14  4.998E+14  4.632E+14  4.089E+14  3.248E+14  1.880E+14  2.248E+13
  420.0000  5.878E+14  5.877E+14  5.875E+14  5.872E+14  5.864E+14  5.853E+14  5.834E+14  5.804E+14  5.762E+14  5.701E+14  5.613E+14  5.488E+14  5.313E+14  5.063E+14  4.704E+14  4.169E+14  3.334E+14  1.959E+14  2.380E+13
  425.0000  5.599E+14  5.599E+14  5.597E+14  5.594E+14  5.587E+14  5.577E+14  5.560E+14  5.533E+14  5.495E+14  5.439E+14  5.358E+14  5.244E+14  5.082E+14  4.851E+14  4.517E+14  4.017E+14  3.233E+14  1.925E+14  2.382E+13
  430.0000  5.157E+14  5.157E+14  5.155E+14  5.152E+14  5.147E+14  5.138E+14  5.124E+14  5.100E+14  5.066E+14  5.017E+14  4.946E+14  4.844E+14  4.699E+14  4.493E+14  4.192E+14  3.742E+14  3.030E+14  1.830E+14  2.316E+13
  435.0000  5.979E+14  5.979E+14  5.977E+14  5.974E+14  5.969E+14  5.959E+14  5.943E+14  5.917E+14  5.879E+14  5.825E+14  5.745E+14  5.631E+14  5.468E+14  5.235E+14  4.896E+14  4.385E+14  3.571E+14  2.185E+14  2.832E+13
  440.0000  6.145E+14  6.145E+14  6.143E+14  6.141E+14  6.135E+14  6.126E+14  6.110E+14  6.085E+14  6.048E+14  5.994E+14  5.915E+14  5.801E+14  5.638E+14  5.405E+14  5.064E+14  4.549E+14  3.724E+14  2.305E+14  3.061E+13
  445.0000  6.598E+14  6.597E+14  6.596E+14  6.593E+14  6.588E+14  6.578E+14  6.562E+14  6.536E+14  6.498E+14  6.442E+14  6.360E+14  6.242E+14  6.072E+14  5.828E+14  5.471E+14  4.928E+14  4.056E+14  2.540E+14  3.465E+13
  450.0000  7.017E+14  7.017E+14  7.015E+14  7.013E+14  7.007E+14  6.998E+14  6.982E+14  6.955E+14  6.916E+14  6.859E+14  6.775E+14  6.652E+14  6.477E+14  6.225E+14  5.854E+14  5.288E+14  4.374E+14  2.771E+14  3.893E+13
  455.0000  6.870E+14  6.869E+14  6.868E+14  6.866E+14  6.861E+14  6.852E+14  6.837E+14  6.812E+14  6.775E+14  6.721E+14  6.641E+14  6.525E+14  6.358E+14  6.117E+14  5.762E+14  5.219E+14  4.337E+14  2.777E+14  4.018E+13
  460.0000  7.071E+14  7.070E+14  7.069E+14  7.067E+14  7.062E+14  7.053E+14  7.038E+14  7.012E+14  6.975E+14  6.921E+14  6.840E+14  6.723E+14  6.555E+14  6.311E+14  5.951E+14  5.400E+14  4.502E+14  2.903E+14  4.294E+13
  465.0000  6.999E+14  6.998E+14  6.997E+14  6.995E+14  6.990E+14  6.982E+14  6.968E+14  6.944E+14  6.908E+14  6.857E+14  6.779E+14  6.667E+14  6.505E+14  6.269E+14  5.921E+14  5.387E+14  4.511E+14  2.939E+14  4.493E+13
  470.0000  6.969E+14  6.969E+14  6.968E+14  6.966E+14  6.962E+14  6.954E+14  6.940E+14  6.917E+14  6.883E+14  6.833E+14  6.758E+14  6.649E+14  6.491E+14  6.262E+14  5.923E+14  5.400E+14  4.541E+14  2.986E+14  4.707E+13
  475.0000  7.061E+14  7.061E+14  7.060E+14  7.058E+14  7.054E+14  7.046E+14  7.032E+14  7.010E+14  6.976E+14  6.926E+14  6.852E+14  6.744E+14  6.588E+14  6.361E+14  6.023E+14  5.502E+14  4.643E+14  3.077E+14  4.994E+13
  480.0000  7.269E+14  7.269E+14  7.268E+14  7.265E+14  7.261E+14  7.252E+14  7.238E+14  7.214E+14  7.180E+14  7.129E+14  7.052E+14  6.942E+14  6.782E+14  6.550E+14  6.205E+14  5.671E+14  4.789E+14  3.181E+14  5.236E+13
  485.0000  6.616E+14  6.616E+14  6.615E+14  6.612E+14  6.608E+14  6.601E+14  6.588E+14  6.567E+14  6.536E+14  6.491E+14  6.423E+14  6.324E+14  6.182E+14  5.974E+14  5.665E+14  5.187E+14  4.394E+14  2.940E+14  4.980E+13
  490.0000  6.908E+14  6.907E+14  6.906E+14  6.904E+14  6.900E+14  6.892E+14  6.880E+14  6.858E+14  6.827E+14  6.781E+14  6.712E+14  6.612E+14  6.466E+14  6.255E+14  5.939E+14  5.449E+14  4.634E+14  3.127E+14  5.480E+13
  495.0000  7.053E+14  7.053E+14  7.052E+14  7.049E+14  7.045E+14  7.037E+14  7.024E+14  7.003E+14  6.971E+14  6.925E+14  6.856E+14  6.755E+14  6.609E+14  6.396E+14  6.079E+14  5.585E+14  4.762E+14  3.233E+14  5.817E+13
  500.0000  6.737E+14  6.736E+14  6.736E+14  6.733E+14  6.729E+14  6.721E+14  6.708E+14  6.687E+14  6.656E+14  6.612E+14  6.545E+14  6.449E+14  6.310E+14  6.106E+14  5.804E+14  5.333E+14  4.546E+14  3.086E+14  5.617E+13
  505.0000  6.853E+14  6.853E+14  6.852E+14  6.849E+14  6.844E+14  6.835E+14  6.821E+14  6.799E+14  6.767E+14  6.720E+14  6.651E+14  6.552E+14  6.409E+14  6.201E+14  5.891E+14  5.409E+14  4.605E+14  3.116E+14  5.689E+13
  510.0000  6.819E+14  6.819E+14  6.817E+14  6.814E+14  6.809E+14  6.801E+14  6.787E+14  6.766E+14  6.734E+14  6.689E+14  6.622E+14  6.526E+14  6.387E+14  6.184E+14  5.881E+14  5.410E+14  4.622E+14  3.153E+14  5.948E+13
  515.0000  6.342E+14  6.341E+14  6.340E+14  6.337E+14  6.332E+14  6.325E+14  6.312E+14  6.292E+14  6.263E+14  6.222E+14  6.160E+14  6.072E+14  5.944E+14  5.758E+14  5.480E+14  5.047E+14  4.321E+14  2.963E+14  5.735E+13
  520.0000  6.538E+14  6.537E+14  6.536E+14  6.533E+14  6.528E+14  6.519E+14  6.506E+14  6.485E+14  6.455E+14  6.413E+14  6.349E+14  6.258E+14  6.127E+14  5.937E+14  5.652E+14  5.208E+14  4.463E+14  3.067E+14  6.040E+13
  525.0000  6.574E+14  6.573E+14  6.571E+14  6.567E+14  6.562E+14  6.553E+14  6.539E+14  6.517E+14  6.486E+14  6.442E+14  6.377E+14  6.284E+14  6.151E+14  5.958E+14  5.670E+14  5.221E+14  4.468E+14  3.060E+14  6.052E+13
  530.0000  6.935E+14  6.935E+14  6.932E+14  6.928E+14  6.921E+14  6.911E+14  6.895E+14  6.870E+14  6.836E+14  6.788E+14  6.717E+14  6.617E+14  6.474E+14  6.266E+14  5.957E+14  5.476E+14  4.673E+14  3.179E+14  6.250E+13
  535.0000  6.741E+14  6.740E+14  6.738E+14  6.734E+14  6.727E+14  6.716E+14  6.701E+14  6.676E+14  6.642E+14  6.595E+14  6.526E+14  6.428E+14  6.289E+14  6.087E+14  5.787E+14  5.321E+14  4.540E+14  3.090E+14  6.153E+13
  540.0000  6.773E+14  6.773E+14  6.770E+14  6.766E+14  6.759E+14  6.748E+14  6.732E+14  6.707E+14  6.673E+14  6.626E+14  6.557E+14  6.460E+14  6.321E+14  6.121E+14  5.822E+14  5.358E+14  4.580E+14  3.130E+14  6.373E+13
  545.0000  6.894E+14  6.893E+14  6.891E+14  6.886E+14  6.878E+14  6.867E+14  6.850E+14  6.824E+14  6.789E+14  6.740E+14  6.669E+14  6.570E+14  6.428E+14  6.223E+14  5.918E+14  5.445E+14  4.652E+14  3.176E+14  6.524E+13
  550.0000  6.939E+14  6.938E+14  6.935E+14  6.930E+14  6.922E+14  6.910E+14  6.893E+14  6.866E+14  6.831E+14  6.781E+14  6.710E+14  6.609E+14  6.466E+14  6.260E+14  5.954E+14  5.478E+14  4.681E+14  3.197E+14  6.653E+13
  555.0000  6.902E+14  6.901E+14  6.898E+14  6.893E+14  6.885E+14  6.872E+14  6.855E+14  6.828E+14  6.792E+14  6.742E+14  6.671E+14  6.571E+14  6.429E+14  6.225E+14  5.921E+14  5.450E+14  4.659E+14  3.186E+14  6.753E+13
  560.0000  6.746E+14  6.745E+14  6.742E+14  6.736E+14  6.728E+14  6.715E+14  6.696E+14  6.669E+14  6.633E+14  6.582E+14  6.511E+14  6.411E+14  6.270E+14  6.067E+14  5.766E+14  5.299E+14  4.519E+14  3.073E+14  6.487E+13
  565.0000  6.774E+14  6.773E+14  6.770E+14  6.763E+14  6.754E+14  6.740E+14  6.720E+14  6.692E+14  6.654E+14  6.601E+14  6.528E+14  6.425E+14  6.280E+14  6.072E+14  5.766E+14  5.291E+14  4.499E+14  3.038E+14  6.370E+13
  570.0000  6.759E+14  6.757E+14  6.754E+14  6.747E+14  6.737E+14  6.723E+14  6.702E+14  6.673E+14  6.634E+14  6.581E+14  6.506E+14  6.402E+14  6.256E+14  6.047E+14  5.739E+14  5.262E+14  4.468E+14  3.008E+14  6.324E+13
  575.0000  6.902E+14  6.901E+14  6.897E+14  6.890E+14  6.879E+14  6.864E+14  6.843E+14  6.812E+14  6.772E+14  6.718E+14  6.641E+14  6.534E+14  6.385E+14  6.172E+14  5.858E+14  5.372E+14  4.563E+14  3.074E+14  6.541E+13
  580.0000  6.828E+14  6.827E+14  6.823E+14  6.816E+14  6.806E+14  6.792E+14  6.771E+14  6.741E+14  6.702E+14  6.649E+14  6.575E+14  6.472E+14  6.328E+14  6.121E+14  5.817E+14  5.346E+14  4.557E+14  3.098E+14  6.817E+13
  585.0000  6.872E+14  6.870E+14  6.867E+14  6.860E+14  6.850E+14  6.835E+14  6.815E+14  6.786E+14  6.748E+14  6.696E+14  6.623E+14  6.522E+14  6.380E+14  6.177E+14  5.877E+14  5.412E+14  4.633E+14  3.179E+14  7.238E+13
  590.0000  6.664E+14  6.663E+14  6.659E+14  6.653E+14  6.643E+14  6.628E+14  6.609E+14  6.581E+14  6.544E+14  6.493E+14  6.423E+14  6.326E+14  6.190E+14  5.995E+14  5.707E+14  5.261E+14  4.511E+14  3.110E+14  7.227E+13
  595.0000  6.822E+14  6.821E+14  6.817E+14  6.810E+14  6.799E+14  6.784E+14  6.763E+14  6.733E+14  6.694E+14  6.642E+14  6.568E+14  6.467E+14  6.326E+14  6.124E+14  5.827E+14  5.366E+14  4.594E+14  3.154E+14  7.326E+13
  600.0000  6.680E+14  6.678E+14  6.674E+14  6.667E+14  6.656E+14  6.640E+14  6.619E+14  6.588E+14  6.548E+14  6.495E+14  6.422E+14  6.320E+14  6.179E+14  5.978E+14  5.682E+14  5.225E+14  4.460E+14  3.042E+14  7.011E+13
  605.0000  6.791E+14  6.790E+14  6.785E+14  6.778E+14  6.766E+14  6.750E+14  6.728E+14  6.696E+14  6.657E+14  6.603E+14  6.528E+14  6.426E+14  6.283E+14  6.080E+14  5.781E+14  5.319E+14  4.546E+14  3.111E+14  7.291E+13
  610.0000  6.750E+14  6.749E+14  6.744E+14  6.737E+14  6.726E+14  6.711E+14  6.690E+14  6.660E+14  6.622E+14  6.570E+14  6.498E+14  6.400E+14  6.263E+14  6.068E+14  5.781E+14  5.335E+14  4.587E+14  3.182E+14  7.790E+13
  615.0000  6.636E+14  6.634E+14  6.630E+14  6.623E+14  6.613E+14  6.599E+14  6.579E+14  6.551E+14  6.515E+14  6.466E+14  6.399E+14  6.307E+14  6.178E+14  5.993E+14  5.721E+14  5.298E+14  4.584E+14  3.228E+14  8.284E+13
  620.0000  6.776E+14  6.775E+14  6.771E+14  6.764E+14  6.754E+14  6.740E+14  6.720E+14  6.693E+14  6.657E+14  6.610E+14  6.543E+14  6.452E+14  6.325E+14  6.143E+14  5.874E+14  5.455E+14  4.744E+14  3.383E+14  9.036E+13
  625.0000  6.672E+14  6.671E+14  6.667E+14  6.661E+14  6.651E+14  6.638E+14  6.619E+14  6.593E+14  6.559E+14  6.513E+14  6.450E+14  6.363E+14  6.241E+14  6.067E+14  5.809E+14  5.407E+14  4.723E+14  3.402E+14  9.399E+13
  630.0000  6.724E+14  6.723E+14  6.719E+14  6.713E+14  6.703E+14  6.690E+14  6.672E+14  6.646E+14  6.613E+14  6.569E+14  6.507E+14  6.422E+14  6.303E+14  6.133E+14  5.881E+14  5.487E+14  4.815E+14  3.506E+14  1.003E+14
  635.0000  6.721E+14  6.720E+14  6.716E+14  6.710E+14  6.701E+14  6.688E+14  6.670E+14  6.646E+14  6.614E+14  6.571E+14  6.512E+14  6.430E+14  6.315E+14  6.151E+14  5.907E+14  5.525E+14  4.872E+14  3.588E+14  1.065E+14
  640.0000  6.687E+14  6.686E+14  6.682E+14  6.676E+14  6.668E+14  6.655E+14  6.639E+14  6.615E+14  6.585E+14  6.544E+14  6.487E+14  6.408E+14  6.298E+14  6.141E+14  5.907E+14  5.539E+14  4.908E+14  3.657E+14  1.126E+14
  644.8000  6.690E+14  6.689E+14  6.685E+14  6.679E+14  6.671E+14  6.659E+14  6.643E+14  6.620E+14  6.591E+14  6.551E+14  6.496E+14  6.420E+14  6.314E+14  6.161E+14  5.934E+14  5.578E+14  4.963E+14  3.736E+14  1.188E+14
  651.0500  6.657E+14  6.656E+14  6.653E+14  6.647E+14  6.639E+14  6.628E+14  6.612E+14  6.590E+14  6.562E+14  6.524E+14  6.471E+14  6.398E+14  6.296E+14  6.149E+14  5.932E+14  5.588E+14  4.995E+14  3.801E+14  1.253E+14
  660.0000  6.388E+14  6.387E+14  6.384E+14  6.379E+14  6.371E+14  6.360E+14  6.346E+14  6.326E+14  6.300E+14  6.266E+14  6.218E+14  6.151E+14  6.059E+14  5.925E+14  5.727E+14  5.414E+14  4.870E+14  3.763E+14  1.305E+14
  670.0000  6.639E+14  6.638E+14  6.635E+14  6.630E+14  6.622E+14  6.612E+14  6.598E+14  6.578E+14  6.553E+14  6.519E+14  6.472E+14  6.407E+14  6.317E+14  6.187E+14  5.993E+14  5.687E+14  5.151E+14  4.047E+14  1.483E+14
  680.0000  6.599E+14  6.598E+14  6.595E+14  6.590E+14  6.583E+14  6.573E+14  6.559E+14  6.541E+14  6.517E+14  6.485E+14  6.441E+14  6.380E+14  6.295E+14  6.172E+14  5.990E+14  5.702E+14  5.196E+14  4.141E+14  1.591E+14
  690.0000  6.582E+14  6.581E+14  6.578E+14  6.574E+14  6.566E+14  6.557E+14  6.544E+14  6.526E+14  6.502E+14  6.472E+14  6.430E+14  6.372E+14  6.291E+14  6.175E+14  6.001E+14  5.727E+14  5.245E+14  4.230E+14  1.694E+14
  700.0000  6.546E+14  6.545E+14  6.542E+14  6.537E+14  6.531E+14  6.521E+14  6.508E+14  6.491E+14  6.469E+14  6.440E+14  6.400E+14  6.345E+14  6.268E+14  6.158E+14  5.995E+14  5.735E+14  5.279E+14  4.308E+14  1.796E+14
  710.0000  6.466E+14  6.465E+14  6.463E+14  6.458E+14  6.451E+14  6.442E+14  6.429E+14  6.412E+14  6.391E+14  6.363E+14  6.324E+14  6.271E+14  6.198E+14  6.094E+14  5.938E+14  5.691E+14  5.256E+14  4.325E+14  1.860E+14
  720.0000  6.325E+14  6.324E+14  6.321E+14  6.317E+14  6.310E+14  6.301E+14  6.288E+14  6.272E+14  6.251E+14  6.224E+14  6.187E+14  6.137E+14  6.068E+14  5.968E+14  5.821E+14  5.588E+14  5.176E+14  4.290E+14  1.896E+14
  730.0000  6.249E+14  6.248E+14  6.246E+14  6.241E+14  6.234E+14  6.225E+14  6.213E+14  6.197E+14  6.177E+14  6.151E+14  6.115E+14  6.067E+14  6.001E+14  5.906E+14  5.766E+14  5.544E+14  5.152E+14  4.304E+14  1.958E+14
------------------------------------------------------------
Photolysis rate coefficients, s-1
   1 = O3 -> O2 + O(1D)                                  
   2 = NO2 -> NO + O(3P)                                 
   3 = HNO2 -> OH + NO                                   
   4 = HNO3 -> OH + NO2                                  
   5 = Cl2 -> Cl + Cl                                    
   6 = ClOO -> Products                                  
   7 = OClO -> Products                                  
   8 = ClOOCl -> Cl + ClOO                               
   9 = ClNO2 -> Cl + NO2                                 
  10 = Br2 -> Br + Br                                    
  11 = BrO -> Br + O                                     
  12 = HOBr -> OH + Br                                   
  13 = BrNO -> Br + NO                                   
  14 = BrONO -> Br + NO2                                 
  15 = BrONO -> BrO + NO                                 
  16 = BrNO2 -> Br + NO2                                 
  17 = BrONO2 -> BrO + NO2                               
  18 = BrONO2 -> Br + NO3                                
  19 = BrCl -> Br + Cl                                   
values at z =     10.000 km
Columns: sza, photo-reactions
 sza, deg.          1          2          3          4          5          6          7          8          9         10         11         12         13         14         15         16         17         18         19
    0.0000  6.719E-05  1.414E-02  2.535E-03  1.021E-06  4.078E-03  0.000E+00  1.333E-01  3.122E-03  8.981E-04  4.322E-02  6.827E-02  3.543E-03  3.163E-02  2.151E-02  2.151E-02  7.261E-03  3.430E-04  1.944E-03  1.563E-02
    5.0000  6.675E-05  1.413E-02  2.534E-03  1.017E-06  4.075E-03  0.000E+00  1.332E-01  3.118E-03  8.970E-04  4.321E-02  6.821E-02  3.541E-03  3.163E-02  2.149E-02  2.149E-02  7.258E-03  3.428E-04  1.942E-03  1.562E-02
   10.0000  6.546E-05  1.411E-02  2.530E-03  1.005E-06  4.065E-03  0.000E+00  1.330E-01  3.106E-03  8.935E-04  4.320E-02  6.802E-02  3.535E-03  3.161E-02  2.142E-02  2.142E-02  7.250E-03  3.420E-04  1.938E-03  1.561E-02
   15.0000  6.331E-05  1.408E-02  2.523E-03  9.838E-07  4.048E-03  0.000E+00  1.327E-01  3.085E-03  8.875E-04  4.317E-02  6.768E-02  3.524E-03  3.157E-02  2.129E-02  2.129E-02  7.235E-03  3.407E-04  1.931E-03  1.559E-02
   20.0000  6.035E-05  1.403E-02  2.512E-03  9.548E-07  4.023E-03  0.000E+00  1.321E-01  3.055E-03  8.788E-04  4.313E-02  6.719E-02  3.508E-03  3.150E-02  2.110E-02  2.110E-02  7.211E-03  3.387E-04  1.920E-03  1.556E-02
   25.0000  5.661E-05  1.395E-02  2.497E-03  9.175E-07  3.987E-03  0.000E+00  1.314E-01  3.015E-03  8.670E-04  4.305E-02  6.649E-02  3.485E-03  3.141E-02  2.084E-02  2.084E-02  7.176E-03  3.360E-04  1.904E-03  1.551E-02
   30.0000  5.216E-05  1.384E-02  2.475E-03  8.717E-07  3.939E-03  0.000E+00  1.303E-01  2.962E-03  8.515E-04  4.293E-02  6.557E-02  3.453E-03  3.128E-02  2.050E-02  2.050E-02  7.127E-03  3.323E-04  1.883E-03  1.544E-02
   35.0000  4.704E-05  1.369E-02  2.445E-03  8.167E-07  3.873E-03  0.000E+00  1.288E-01  2.893E-03  8.312E-04  4.273E-02  6.432E-02  3.409E-03  3.109E-02  2.005E-02  2.005E-02  7.057E-03  3.274E-04  1.855E-03  1.533E-02
   40.0000  4.141E-05  1.349E-02  2.406E-03  7.544E-07  3.791E-03  0.000E+00  1.268E-01  2.809E-03  8.065E-04  4.245E-02  6.275E-02  3.353E-03  3.083E-02  1.949E-02  1.949E-02  6.965E-03  3.211E-04  1.820E-03  1.518E-02
   45.0000  3.545E-05  1.322E-02  2.354E-03  6.845E-07  3.685E-03  0.000E+00  1.242E-01  2.706E-03  7.759E-04  4.206E-02  6.076E-02  3.281E-03  3.048E-02  1.879E-02  1.879E-02  6.842E-03  3.131E-04  1.774E-03  1.497E-02
   50.0000  2.922E-05  1.286E-02  2.284E-03  6.064E-07  3.548E-03  0.000E+00  1.207E-01  2.576E-03  7.377E-04  4.149E-02  5.819E-02  3.185E-03  2.999E-02  1.791E-02  1.791E-02  6.676E-03  3.028E-04  1.716E-03  1.468E-02
   55.0000  2.297E-05  1.239E-02  2.191E-03  5.214E-07  3.373E-03  0.000E+00  1.161E-01  2.418E-03  6.906E-04  4.067E-02  5.494E-02  3.061E-03  2.933E-02  1.681E-02  1.681E-02  6.455E-03  2.896E-04  1.641E-03  1.428E-02
   60.0000  1.696E-05  1.176E-02  2.069E-03  4.309E-07  3.148E-03  0.000E+00  1.100E-01  2.223E-03  6.329E-04  3.952E-02  5.081E-02  2.900E-03  2.842E-02  1.544E-02  1.544E-02  6.159E-03  2.727E-04  1.545E-03  1.374E-02
   65.0000  1.151E-05  1.091E-02  1.907E-03  3.368E-07  2.861E-03  0.000E+00  1.019E-01  1.984E-03  5.620E-04  3.788E-02  4.559E-02  2.689E-03  2.716E-02  1.374E-02  1.374E-02  5.761E-03  2.509E-04  1.422E-03  1.299E-02
   70.0000  6.951E-06  9.769E-03  1.690E-03  2.424E-07  2.490E-03  0.000E+00  9.111E-02  1.689E-03  4.750E-04  3.549E-02  3.896E-02  2.410E-03  2.537E-02  1.162E-02  1.162E-02  5.219E-03  2.227E-04  1.262E-03  1.193E-02
   75.0000  3.560E-06  8.202E-03  1.397E-03  1.525E-07  2.011E-03  0.000E+00  7.636E-02  1.327E-03  3.687E-04  3.190E-02  3.055E-02  2.033E-03  2.277E-02  9.001E-03  9.001E-03  4.464E-03  1.856E-04  1.052E-03  1.041E-02
   80.0000  1.446E-06  6.011E-03  9.954E-04  7.516E-08  1.391E-03  0.000E+00  5.592E-02  8.852E-04  2.410E-04  2.619E-02  2.010E-02  1.515E-03  1.874E-02  5.825E-03  5.825E-03  3.382E-03  1.358E-04  7.698E-04  8.144E-03
   85.0000  4.009E-07  2.998E-03  4.696E-04  2.206E-08  6.384E-04  0.000E+00  2.811E-02  3.858E-04  1.012E-04  1.643E-02  8.348E-03  8.032E-04  1.204E-02  2.369E-03  2.369E-03  1.814E-03  6.996E-05  3.964E-04  4.649E-03
   90.0000  6.029E-08  3.653E-04  5.924E-05  2.753E-09  8.213E-05  0.000E+00  3.494E-03  4.896E-05  1.293E-05  2.505E-03  1.091E-03  1.089E-04  2.376E-03  3.114E-04  3.114E-04  2.250E-04  9.106E-06  5.160E-05  6.308E-04
------------------------------------------------------------
