Spectral actinic flux, quanta cm-2 s-1 nm-1
values at z =     12.000 km
Columns: wavelength (nm), solar zenith angles (deg.)
    wc, nm      0.000      5.000     10.000     15.000     20.000     25.000     30.000     35.000     40.000     45.000     50.000     55.000     60.000     65.000     70.000     75.000     80.000     85.000     90.000
  120.7000  0.000E+00  0.000E+00  0.000E+00  0.000E+00  0.000E+00  0.000E+00  0.000E+00  0.000E+00  0.000E+00  0.000E+00  0.000E+00  0.000E+00  0.000E+00  0.000E+00  0.000E+00  0.000E+00  0.000E+00  0.000E+00  0.000E+00
  121.6500  0.000E+00  0.000E+00  0.000E+00  0.000E+00  0.000E+00  0.000E+00  0.000E+00  0.000E+00  0.000E+00  0.000E+00  0.000E+00  0.000E+00  0.000E+00  0.000E+00  0.000E+00  0.000E+00  0.000E+00  0.000E+00  0.000E+00
  122.1000  0.000E+00  0.000E+00  0.000E+00  0.000E+00  0.000E+00  0.000E+00  0.000E+00  0.000E+00  0.000E+00  0.000E+00  0.000E+00  0.000E+00  0.000E+00  0.000E+00  0.000E+00  0.000E+00  0.000E+00  0.000E+00  0.000E+00
  122.7000  0.000E+00  0.000E+00  0.000E+00  0.000E+00  0.000E+00  0.000E+00  0.000E+00  0.000E+00  0.000E+00  0.000E+00  0.000E+00  0.000E+00  0.000E+00  0.000E+00  0.000E+00  0.000E+00  0.000E+00  0.000E+00  0.000E+00
  123.4500  0.000E+00  0.000E+00  0.000E+00  0.000E+00  0.000E+00  0.000E+00  0.000E+00  0.000E+00  0.000E+00  0.000E+00  0.000E+00  0.000E+00  0.000E+00  0.000E+00  0.000E+00  0.000E+00  0.000E+00  0.000E+00  0.000E+00
  124.2000  0.000E+00  0.000E+00  0.000E+00  0.000E+00  0.000E+00  0.000E+00  0.000E+00  0.000E+00  0.000E+00  0.000E+00  0.000E+00  0.000E+00  0.000E+00  0.000E+00  0.000E+00  0.000E+00  0.000E+00  0.000E+00  0.000E+00
  125.0000  0.000E+00  0.000E+00  0.000E+00  0.000E+00  0.000E+00  0.000E+00  0.000E+00  0.000E+00  0.000E+00  0.000E+00  0.000E+00  0.000E+00  0.000E+00  0.000E+00  0.000E+00  0.000E+00  0.000E+00  0.000E+00  0.000E+00
  125.8000  0.000E+00  0.000E+00  0.000E+00  0.000E+00  0.000E+00  0.000E+00  0.000E+00  0.000E+00  0.000E+00  0.000E+00  0.000E+00  0.000E+00  0.000E+00  0.000E+00  0.000E+00  0.000E+00  0.000E+00  0.000E+00  0.000E+00
  126.6000  0.000E+00  0.000E+00  0.000E+00  0.000E+00  0.000E+00  0.000E+00  0.000E+00  0.000E+00  0.000E+00  0.000E+00  0.000E+00  0.000E+00  0.000E+00  0.000E+00  0.000E+00  0.000E+00  0.000E+00  0.000E+00  0.000E+00
  127.8000  0.000E+00  0.000E+00  0.000E+00  0.000E+00  0.000E+00  0.000E+00  0.000E+00  0.000E+00  0.000E+00  0.000E+00  0.000E+00  0.000E+00  0.000E+00  0.000E+00  0.000E+00  0.000E+00  0.000E+00  0.000E+00  0.000E+00
  129.0000  0.000E+00  0.000E+00  0.000E+00  0.000E+00  0.000E+00  0.000E+00  0.000E+00  0.000E+00  0.000E+00  0.000E+00  0.000E+00  0.000E+00  0.000E+00  0.000E+00  0.000E+00  0.000E+00  0.000E+00  0.000E+00  0.000E+00
  129.8500  0.000E+00  0.000E+00  0.000E+00  0.000E+00  0.000E+00  0.000E+00  0.000E+00  0.000E+00  0.000E+00  0.000E+00  0.000E+00  0.000E+00  0.000E+00  0.000E+00  0.000E+00  0.000E+00  0.000E+00  0.000E+00  0.000E+00
  131.1500  0.000E+00  0.000E+00  0.000E+00  0.000E+00  0.000E+00  0.000E+00  0.000E+00  0.000E+00  0.000E+00  0.000E+00  0.000E+00  0.000E+00  0.000E+00  0.000E+00  0.000E+00  0.000E+00  0.000E+00  0.000E+00  0.000E+00
  133.5000  0.000E+00  0.000E+00  0.000E+00  0.000E+00  0.000E+00  0.000E+00  0.000E+00  0.000E+00  0.000E+00  0.000E+00  0.000E+00  0.000E+00  0.000E+00  0.000E+00  0.000E+00  0.000E+00  0.000E+00  0.000E+00  0.000E+00
  136.0000  0.000E+00  0.000E+00  0.000E+00  0.000E+00  0.000E+00  0.000E+00  0.000E+00  0.000E+00  0.000E+00  0.000E+00  0.000E+00  0.000E+00  0.000E+00  0.000E+00  0.000E+00  0.000E+00  0.000E+00  0.000E+00  0.000E+00
  141.0000  0.000E+00  0.000E+00  0.000E+00  0.000E+00  0.000E+00  0.000E+00  0.000E+00  0.000E+00  0.000E+00  0.000E+00  0.000E+00  0.000E+00  0.000E+00  0.000E+00  0.000E+00  0.000E+00  0.000E+00  0.000E+00  0.000E+00
  150.0000  0.000E+00  0.000E+00  0.000E+00  0.000E+00  0.000E+00  0.000E+00  0.000E+00  0.000E+00  0.000E+00  0.000E+00  0.000E+00  0.000E+00  0.000E+00  0.000E+00  0.000E+00  0.000E+00  0.000E+00  0.000E+00  0.000E+00
  160.0000  0.000E+00  0.000E+00  0.000E+00  0.000E+00  0.000E+00  0.000E+00  0.000E+00  0.000E+00  0.000E+00  0.000E+00  0.000E+00  0.000E+00  0.000E+00  0.000E+00  0.000E+00  0.000E+00  0.000E+00  0.000E+00  0.000E+00
  167.5000  0.000E+00  0.000E+00  0.000E+00  0.000E+00  0.000E+00  0.000E+00  0.000E+00  0.000E+00  0.000E+00  0.000E+00  0.000E+00  0.000E+00  0.000E+00  0.000E+00  0.000E+00  0.000E+00  0.000E+00  0.000E+00  0.000E+00
  172.2000  0.000E+00  0.000E+00  0.000E+00  0.000E+00  0.000E+00  0.000E+00  0.000E+00  0.000E+00  0.000E+00  0.000E+00  0.000E+00  0.000E+00  0.000E+00  0.000E+00  0.000E+00  0.000E+00  0.000E+00  0.000E+00  0.000E+00
  175.7000  0.000E+00  0.000E+00  0.000E+00  0.000E+00  0.000E+00  0.000E+00  0.000E+00  0.000E+00  0.000E+00  0.000E+00  0.000E+00  0.000E+00  0.000E+00  0.000E+00  0.000E+00  0.000E+00  0.000E+00  0.000E+00  0.000E+00
  177.8000  0.000E+00  0.000E+00  0.000E+00  0.000E+00  0.000E+00  0.000E+00  0.000E+00  0.000E+00  0.000E+00  0.000E+00  0.000E+00  0.000E+00  0.000E+00  0.000E+00  0.000E+00  0.000E+00  0.000E+00  0.000E+00  0.000E+00
  179.4000  0.000E+00  0.000E+00  0.000E+00  0.000E+00  0.000E+00  0.000E+00  0.000E+00  0.000E+00  0.000E+00  0.000E+00  0.000E+00  0.000E+00  0.000E+00  0.000E+00  0.000E+00  0.000E+00  0.000E+00  0.000E+00  0.000E+00
  181.0000  0.000E+00  0.000E+00  0.000E+00  0.000E+00  0.000E+00  0.000E+00  0.000E+00  0.000E+00  0.000E+00  0.000E+00  0.000E+00  0.000E+00  0.000E+00  0.000E+00  0.000E+00  0.000E+00  0.000E+00  0.000E+00  0.000E+00
  182.6500  0.000E+00  0.000E+00  0.000E+00  0.000E+00  0.000E+00  0.000E+00  0.000E+00  0.000E+00  0.000E+00  0.000E+00  0.000E+00  0.000E+00  0.000E+00  0.000E+00  0.000E+00  0.000E+00  0.000E+00  0.000E+00  0.000E+00
  184.3500  0.000E+00  0.000E+00  0.000E+00  0.000E+00  0.000E+00  0.000E+00  0.000E+00  0.000E+00  0.000E+00  0.000E+00  0.000E+00  0.000E+00  0.000E+00  0.000E+00  0.000E+00  0.000E+00  0.000E+00  0.000E+00  0.000E+00
  186.0500  0.000E+00  0.000E+00  0.000E+00  0.000E+00  0.000E+00  0.000E+00  0.000E+00  0.000E+00  0.000E+00  0.000E+00  0.000E+00  0.000E+00  0.000E+00  0.000E+00  0.000E+00  0.000E+00  0.000E+00  0.000E+00  0.000E+00
  187.8000  0.000E+00  0.000E+00  0.000E+00  0.000E+00  0.000E+00  0.000E+00  0.000E+00  0.000E+00  0.000E+00  0.000E+00  0.000E+00  0.000E+00  0.000E+00  0.000E+00  0.000E+00  0.000E+00  0.000E+00  0.000E+00  0.000E+00
  189.6000  0.000E+00  0.000E+00  0.000E+00  0.000E+00  0.000E+00  0.000E+00  0.000E+00  0.000E+00  0.000E+00  0.000E+00  0.000E+00  0.000E+00  0.000E+00  0.000E+00  0.000E+00  0.000E+00  0.000E+00  0.000E+00  0.000E+00
  191.4000  0.000E+00  0.000E+00  0.000E+00  0.000E+00  0.000E+00  0.000E+00  0.000E+00  0.000E+00  0.000E+00  0.000E+00  0.000E+00  0.000E+00  0.000E+00  0.000E+00  0.000E+00  0.000E+00  0.000E+00  0.000E+00  0.000E+00
  193.2500  0.000E+00  0.000E+00  0.000E+00  0.000E+00  0.000E+00  0.000E+00  0.000E+00  0.000E+00  0.000E+00  0.000E+00  0.000E+00  0.000E+00  0.000E+00  0.000E+00  0.000E+00  0.000E+00  0.000E+00  0.000E+00  0.000E+00
  195.1500  0.000E+00  0.000E+00  0.000E+00  0.000E+00  0.000E+00  0.000E+00  0.000E+00  0.000E+00  0.000E+00  0.000E+00  0.000E+00  0.000E+00  0.000E+00  0.000E+00  0.000E+00  6.931E+02  4.911E+02  3.561E+02  2.838E+02
  197.0500  6.533E+06  6.276E+06  5.558E+06  4.521E+06  3.357E+06  2.256E+06  1.360E+06  7.184E+05  3.710E+05  1.679E+05  7.806E+04  4.191E+04  2.606E+04  1.758E+04  1.215E+04  8.547E+03  5.566E+03  3.258E+03  1.310E+03
  199.0000  1.837E+07  1.768E+07  1.576E+07  1.296E+07  9.768E+06  6.698E+06  4.137E+06  2.231E+06  1.120E+06  5.153E+05  2.377E+05  1.237E+05  7.417E+04  4.818E+04  3.204E+04  2.138E+04  1.337E+04  7.294E+03  2.463E+03
  201.0000  2.922E+07  2.815E+07  2.515E+07  2.076E+07  1.573E+07  1.086E+07  6.767E+06  3.725E+06  1.863E+06  8.590E+05  3.934E+05  2.020E+05  1.198E+05  7.709E+04  5.087E+04  3.349E+04  2.078E+04  1.106E+04  3.415E+03
  203.0500  5.298E+07  5.108E+07  4.570E+07  3.783E+07  2.879E+07  1.997E+07  1.251E+07  6.866E+06  3.466E+06  1.589E+06  7.146E+05  3.569E+05  2.064E+05  1.301E+05  8.425E+04  5.416E+04  3.311E+04  1.737E+04  5.263E+03
  204.9500  6.616E+07  6.377E+07  5.702E+07  4.714E+07  3.580E+07  2.477E+07  1.544E+07  8.439E+06  4.207E+06  1.896E+06  8.322E+05  4.057E+05  2.309E+05  1.441E+05  9.275E+04  5.932E+04  3.619E+04  1.893E+04  5.610E+03
  207.0665  6.314E+07  6.081E+07  5.426E+07  4.469E+07  3.375E+07  2.317E+07  1.428E+07  7.683E+06  3.752E+06  1.642E+06  6.952E+05  3.286E+05  1.842E+05  1.145E+05  7.390E+04  4.766E+04  2.944E+04  1.586E+04  5.076E+03
  209.4295  7.049E+07  6.778E+07  6.017E+07  4.912E+07  3.662E+07  2.469E+07  1.487E+07  7.724E+06  3.631E+06  1.508E+06  6.031E+05  2.736E+05  1.512E+05  9.404E+04  6.111E+04  3.987E+04  2.505E+04  1.382E+04  4.568E+03
  211.6460  5.570E+07  5.343E+07  4.707E+07  3.792E+07  2.774E+07  1.822E+07  1.060E+07  5.270E+06  2.336E+06  9.041E+05  3.370E+05  1.469E+05  8.068E+04  5.057E+04  3.327E+04  2.205E+04  1.414E+04  7.998E+03  2.736E+03
  213.9100  0.000E+00  0.000E+00  0.000E+00  0.000E+00  0.000E+00  0.000E+00  0.000E+00  0.000E+00  0.000E+00  0.000E+00  0.000E+00  0.000E+00  0.000E+00  0.000E+00  0.000E+00  0.000E+00  0.000E+00  0.000E+00  0.000E+00
  216.2225  0.000E+00  0.000E+00  0.000E+00  0.000E+00  0.000E+00  0.000E+00  0.000E+00  0.000E+00  0.000E+00  0.000E+00  0.000E+00  0.000E+00  0.000E+00  0.000E+00  0.000E+00  0.000E+00  0.000E+00  0.000E+00  0.000E+00
  218.5855  0.000E+00  0.000E+00  0.000E+00  0.000E+00  0.000E+00  0.000E+00  0.000E+00  0.000E+00  0.000E+00  0.000E+00  0.000E+00  0.000E+00  0.000E+00  0.000E+00  0.000E+00  0.000E+00  0.000E+00  0.000E+00  0.000E+00
  221.0010  0.000E+00  0.000E+00  0.000E+00  0.000E+00  0.000E+00  0.000E+00  0.000E+00  0.000E+00  0.000E+00  0.000E+00  0.000E+00  0.000E+00  0.000E+00  0.000E+00  0.000E+00  0.000E+00  0.000E+00  0.000E+00  0.000E+00
  223.4705  0.000E+00  0.000E+00  0.000E+00  0.000E+00  0.000E+00  0.000E+00  0.000E+00  0.000E+00  0.000E+00  0.000E+00  0.000E+00  0.000E+00  0.000E+00  0.000E+00  0.000E+00  0.000E+00  0.000E+00  0.000E+00  0.000E+00
  225.9960  0.000E+00  0.000E+00  0.000E+00  0.000E+00  0.000E+00  0.000E+00  0.000E+00  0.000E+00  0.000E+00  0.000E+00  0.000E+00  0.000E+00  0.000E+00  0.000E+00  0.000E+00  0.000E+00  0.000E+00  0.000E+00  0.000E+00
  228.5790  0.000E+00  0.000E+00  0.000E+00  0.000E+00  0.000E+00  0.000E+00  0.000E+00  0.000E+00  0.000E+00  0.000E+00  0.000E+00  0.000E+00  0.000E+00  0.000E+00  0.000E+00  0.000E+00  0.000E+00  0.000E+00  0.000E+00
  231.2215  0.000E+00  0.000E+00  0.000E+00  0.000E+00  0.000E+00  0.000E+00  0.000E+00  0.000E+00  0.000E+00  0.000E+00  0.000E+00  0.000E+00  0.000E+00  0.000E+00  0.000E+00  0.000E+00  0.000E+00  0.000E+00  0.000E+00
  233.9260  0.000E+00  0.000E+00  0.000E+00  0.000E+00  0.000E+00  0.000E+00  0.000E+00  0.000E+00  0.000E+00  0.000E+00  0.000E+00  0.000E+00  0.000E+00  0.000E+00  0.000E+00  0.000E+00  0.000E+00  0.000E+00  0.000E+00
  236.6945  0.000E+00  0.000E+00  0.000E+00  0.000E+00  0.000E+00  0.000E+00  0.000E+00  0.000E+00  0.000E+00  0.000E+00  0.000E+00  0.000E+00  0.000E+00  0.000E+00  0.000E+00  0.000E+00  0.000E+00  0.000E+00  0.000E+00
  239.5295  0.000E+00  0.000E+00  0.000E+00  0.000E+00  0.000E+00  0.000E+00  0.000E+00  0.000E+00  0.000E+00  0.000E+00  0.000E+00  0.000E+00  0.000E+00  0.000E+00  0.000E+00  0.000E+00  0.000E+00  0.000E+00  0.000E+00
  242.4330  0.000E+00  0.000E+00  0.000E+00  0.000E+00  0.000E+00  0.000E+00  0.000E+00  0.000E+00  0.000E+00  0.000E+00  0.000E+00  0.000E+00  0.000E+00  0.000E+00  0.000E+00  0.000E+00  0.000E+00  0.000E+00  0.000E+00
  245.4080  0.000E+00  0.000E+00  0.000E+00  0.000E+00  0.000E+00  0.000E+00  0.000E+00  0.000E+00  0.000E+00  0.000E+00  0.000E+00  0.000E+00  0.000E+00  0.000E+00  0.000E+00  0.000E+00  0.000E+00  0.000E+00  0.000E+00
  248.4570  0.000E+00  0.000E+00  0.000E+00  0.000E+00  0.000E+00  0.000E+00  0.000E+00  0.000E+00  0.000E+00  0.000E+00  0.000E+00  0.000E+00  0.000E+00  0.000E+00  0.000E+00  0.000E+00  0.000E+00  0.000E+00  0.000E+00
  251.5825  0.000E+00  0.000E+00  0.000E+00  0.000E+00  0.000E+00  0.000E+00  0.000E+00  0.000E+00  0.000E+00  0.000E+00  0.000E+00  0.000E+00  0.000E+00  0.000E+00  0.000E+00  0.000E+00  0.000E+00  0.000E+00  0.000E+00
  254.7875  0.000E+00  0.000E+00  0.000E+00  0.000E+00  0.000E+00  0.000E+00  0.000E+00  0.000E+00  0.000E+00  0.000E+00  0.000E+00  0.000E+00  0.000E+00  0.000E+00  0.000E+00  0.000E+00  0.000E+00  0.000E+00  0.000E+00
  258.0750  0.000E+00  0.000E+00  0.000E+00  0.000E+00  0.000E+00  0.000E+00  0.000E+00  0.000E+00  0.000E+00  0.000E+00  0.000E+00  0.000E+00  0.000E+00  0.000E+00  0.000E+00  0.000E+00  0.000E+00  0.000E+00  0.000E+00
  261.4490  0.000E+00  0.000E+00  0.000E+00  0.000E+00  0.000E+00  0.000E+00  0.000E+00  0.000E+00  0.000E+00  0.000E+00  0.000E+00  0.000E+00  0.000E+00  0.000E+00  0.000E+00  0.000E+00  0.000E+00  0.000E+00  0.000E+00
  264.9125  0.000E+00  0.000E+00  0.000E+00  0.000E+00  0.000E+00  0.000E+00  0.000E+00  0.000E+00  0.000E+00  0.000E+00  0.000E+00  0.000E+00  0.000E+00  0.000E+00  0.000E+00  0.000E+00  0.000E+00  0.000E+00  0.000E+00
  268.4685  0.000E+00  0.000E+00  0.000E+00  0.000E+00  0.000E+00  0.000E+00  0.000E+00  0.000E+00  0.000E+00  0.000E+00  0.000E+00  0.000E+00  0.000E+00  0.000E+00  0.000E+00  0.000E+00  0.000E+00  0.000E+00  0.000E+00
  272.1215  0.000E+00  0.000E+00  0.000E+00  0.000E+00  0.000E+00  0.000E+00  0.000E+00  0.000E+00  0.000E+00  0.000E+00  0.000E+00  0.000E+00  0.000E+00  0.000E+00  0.000E+00  0.000E+00  0.000E+00  0.000E+00  0.000E+00
  275.8755  0.000E+00  0.000E+00  0.000E+00  0.000E+00  0.000E+00  0.000E+00  0.000E+00  0.000E+00  0.000E+00  0.000E+00  0.000E+00  0.000E+00  0.000E+00  0.000E+00  0.000E+00  0.000E+00  0.000E+00  0.000E+00  0.000E+00
  279.7340  0.000E+00  0.000E+00  0.000E+00  0.000E+00  0.000E+00  0.000E+00  0.000E+00  0.000E+00  0.000E+00  0.000E+00  0.000E+00  0.000E+00  0.000E+00  0.000E+00  0.000E+00  0.000E+00  0.000E+00  0.000E+00  0.000E+00
  283.7020  0.000E+00  0.000E+00  0.000E+00  0.000E+00  0.000E+00  0.000E+00  0.000E+00  0.000E+00  0.000E+00  0.000E+00  0.000E+00  0.000E+00  0.000E+00  0.000E+00  0.000E+00  0.000E+00  0.000E+00  0.000E+00  0.000E+00
  287.7845  0.000E+00  0.000E+00  0.000E+00  0.000E+00  0.000E+00  0.000E+00  0.000E+00  0.000E+00  0.000E+00  0.000E+00  0.000E+00  0.000E+00  0.000E+00  0.000E+00  0.000E+00  0.000E+00  0.000E+00  0.000E+00  0.000E+00
  291.9865  4.378E+10  4.248E+10  3.876E+10  3.314E+10  2.640E+10  1.940E+10  1.297E+10  7.724E+09  4.012E+09  1.752E+09  6.138E+08  1.703E+08  4.481E+07  1.837E+07  1.137E+07  7.648E+06  5.097E+06  3.111E+06  1.266E+06
  296.3090  1.267E+12  1.245E+12  1.180E+12  1.077E+12  9.433E+11  7.881E+11  6.232E+11  4.604E+11  3.135E+11  1.925E+11  1.028E+11  4.563E+10  1.604E+10  4.571E+09  1.513E+09  8.106E+08  5.006E+08  2.867E+08  1.117E+08
  300.5000  8.548E+12  8.460E+12  8.198E+12  7.769E+12  7.184E+12  6.462E+12  5.626E+12  4.705E+12  3.746E+12  2.806E+12  1.930E+12  1.182E+12  6.143E+11  2.521E+11  7.602E+10  2.025E+10  8.746E+09  4.497E+09  1.611E+09
  303.0000  2.667E+13  2.647E+13  2.588E+13  2.490E+13  2.354E+13  2.180E+13  1.972E+13  1.737E+13  1.469E+13  1.192E+13  9.081E+12  6.355E+12  3.934E+12  2.026E+12  7.847E+11  2.063E+11  5.251E+10  2.244E+10  7.397E+09
  304.0000  3.016E+13  2.996E+13  2.935E+13  2.834E+13  2.692E+13  2.512E+13  2.293E+13  2.035E+13  1.755E+13  1.451E+13  1.133E+13  8.184E+12  5.287E+12  2.883E+12  1.203E+12  3.365E+11  7.620E+10  2.928E+10  9.356E+09
  305.0000  4.320E+13  4.295E+13  4.219E+13  4.092E+13  3.913E+13  3.684E+13  3.402E+13  3.080E+13  2.693E+13  2.281E+13  1.837E+13  1.382E+13  9.426E+12  5.534E+12  2.555E+12  7.976E+11  1.657E+11  5.194E+10  1.572E+10
  306.0000  4.183E+13  4.161E+13  4.095E+13  3.983E+13  3.825E+13  3.621E+13  3.370E+13  3.072E+13  2.726E+13  2.345E+13  1.926E+13  1.488E+13  1.051E+13  6.471E+12  3.194E+12  1.085E+12  2.247E+11  5.941E+10  1.715E+10
  307.0000  5.566E+13  5.540E+13  5.461E+13  5.328E+13  5.141E+13  4.896E+13  4.593E+13  4.224E+13  3.802E+13  3.324E+13  2.789E+13  2.215E+13  1.623E+13  1.052E+13  5.583E+12  2.094E+12  4.549E+11  9.814E+10  2.639E+10
  308.0000  6.726E+13  6.698E+13  6.614E+13  6.471E+13  6.269E+13  6.004E+13  5.673E+13  5.267E+13  4.796E+13  4.256E+13  3.641E+13  2.964E+13  2.247E+13  1.526E+13  8.666E+12  3.583E+12  8.499E+11  1.536E+11  3.761E+10
  309.0000  7.089E+13  7.062E+13  6.979E+13  6.840E+13  6.641E+13  6.381E+13  6.054E+13  5.645E+13  5.179E+13  4.634E+13  4.008E+13  3.310E+13  2.557E+13  1.783E+13  1.052E+13  4.597E+12  1.164E+12  1.930E+11  4.402E+10
  310.0000  7.210E+13  7.186E+13  7.114E+13  6.993E+13  6.819E+13  6.588E+13  6.297E+13  5.930E+13  5.504E+13  5.001E+13  4.411E+13  3.738E+13  2.989E+13  2.188E+13  1.385E+13  6.740E+12  1.969E+12  2.982E+11  5.695E+10
  311.0000  1.227E+14  1.223E+14  1.212E+14  1.192E+14  1.165E+14  1.128E+14  1.081E+14  1.023E+14  9.538E+13  8.720E+13  7.754E+13  6.642E+13  5.388E+13  4.024E+13  2.621E+13  1.335E+13  4.164E+12  6.248E+11  1.089E+11
  312.0000  1.115E+14  1.112E+14  1.103E+14  1.087E+14  1.065E+14  1.035E+14  9.963E+13  9.469E+13  8.898E+13  8.208E+13  7.383E+13  6.419E+13  5.314E+13  4.081E+13  2.771E+13  1.503E+13  5.183E+12  7.993E+11  1.201E+11
  313.0000  1.270E+14  1.267E+14  1.258E+14  1.242E+14  1.219E+14  1.188E+14  1.149E+14  1.099E+14  1.039E+14  9.665E+13  8.790E+13  7.754E+13  6.545E+13  5.165E+13  3.649E+13  2.109E+13  8.049E+12  1.335E+12  1.716E+11
  314.0000  1.393E+14  1.390E+14  1.380E+14  1.364E+14  1.340E+14  1.308E+14  1.267E+14  1.214E+14  1.151E+14  1.075E+14  9.819E+13  8.713E+13  7.412E+13  5.914E+13  4.245E+13  2.515E+13  9.998E+12  1.720E+12  2.071E+11
  316.0000  1.464E+14  1.462E+14  1.453E+14  1.440E+14  1.419E+14  1.392E+14  1.356E+14  1.310E+14  1.254E+14  1.185E+14  1.100E+14  9.966E+13  8.718E+13  7.231E+13  5.495E+13  3.563E+13  1.654E+13  3.472E+12  3.400E+11
  320.0000  1.918E+14  1.915E+14  1.907E+14  1.894E+14  1.874E+14  1.848E+14  1.812E+14  1.765E+14  1.708E+14  1.636E+14  1.545E+14  1.431E+14  1.290E+14  1.115E+14  9.012E+13  6.440E+13  3.545E+13  9.907E+12  8.698E+11
  325.0000  2.478E+14  2.476E+14  2.469E+14  2.456E+14  2.438E+14  2.413E+14  2.380E+14  2.334E+14  2.277E+14  2.204E+14  2.109E+14  1.989E+14  1.836E+14  1.640E+14  1.390E+14  1.072E+14  6.765E+13  2.462E+13  2.385E+12
  330.0000  3.063E+14  3.061E+14  3.054E+14  3.042E+14  3.025E+14  3.000E+14  2.966E+14  2.919E+14  2.859E+14  2.782E+14  2.681E+14  2.551E+14  2.382E+14  2.163E+14  1.877E+14  1.502E+14  1.013E+14  4.216E+13  4.539E+12
  335.0000  2.890E+14  2.888E+14  2.883E+14  2.874E+14  2.860E+14  2.841E+14  2.814E+14  2.776E+14  2.727E+14  2.664E+14  2.579E+14  2.468E+14  2.323E+14  2.133E+14  1.881E+14  1.543E+14  1.087E+14  4.957E+13  5.795E+12
  340.0000  3.100E+14  3.098E+14  3.094E+14  3.085E+14  3.073E+14  3.054E+14  3.028E+14  2.992E+14  2.945E+14  2.882E+14  2.799E+14  2.688E+14  2.542E+14  2.349E+14  2.090E+14  1.739E+14  1.255E+14  6.020E+13  7.216E+12
  345.0000  3.014E+14  3.013E+14  3.009E+14  3.002E+14  2.991E+14  2.975E+14  2.952E+14  2.920E+14  2.877E+14  2.821E+14  2.745E+14  2.643E+14  2.508E+14  2.329E+14  2.086E+14  1.753E+14  1.288E+14  6.396E+13  7.693E+12
  350.0000  3.107E+14  3.106E+14  3.102E+14  3.096E+14  3.085E+14  3.070E+14  3.048E+14  3.017E+14  2.976E+14  2.921E+14  2.846E+14  2.746E+14  2.612E+14  2.432E+14  2.188E+14  1.851E+14  1.374E+14  6.969E+13  8.213E+12
  355.0000  3.244E+14  3.243E+14  3.240E+14  3.234E+14  3.224E+14  3.209E+14  3.189E+14  3.158E+14  3.118E+14  3.064E+14  2.990E+14  2.890E+14  2.756E+14  2.575E+14  2.328E+14  1.984E+14  1.490E+14  7.749E+13  9.073E+12
  360.0000  2.932E+14  2.931E+14  2.928E+14  2.923E+14  2.915E+14  2.903E+14  2.886E+14  2.860E+14  2.826E+14  2.780E+14  2.716E+14  2.630E+14  2.514E+14  2.356E+14  2.139E+14  1.834E+14  1.392E+14  7.397E+13  8.602E+12
  365.0000  3.688E+14  3.687E+14  3.684E+14  3.678E+14  3.669E+14  3.655E+14  3.635E+14  3.605E+14  3.565E+14  3.510E+14  3.434E+14  3.330E+14  3.189E+14  2.997E+14  2.731E+14  2.355E+14  1.806E+14  9.794E+13  1.135E+13
  370.0000  3.797E+14  3.796E+14  3.793E+14  3.788E+14  3.779E+14  3.766E+14  3.747E+14  3.718E+14  3.679E+14  3.626E+14  3.551E+14  3.449E+14  3.309E+14  3.118E+14  2.851E+14  2.472E+14  1.913E+14  1.058E+14  1.226E+13
  375.0000  3.399E+14  3.399E+14  3.396E+14  3.392E+14  3.385E+14  3.375E+14  3.359E+14  3.335E+14  3.302E+14  3.256E+14  3.192E+14  3.105E+14  2.984E+14  2.818E+14  2.587E+14  2.254E+14  1.759E+14  9.905E+13  1.154E+13
  380.0000  3.877E+14  3.876E+14  3.874E+14  3.870E+14  3.863E+14  3.851E+14  3.835E+14  3.809E+14  3.773E+14  3.724E+14  3.655E+14  3.559E+14  3.427E+14  3.243E+14  2.986E+14  2.615E+14  2.057E+14  1.179E+14  1.387E+13
  385.0000  2.902E+14  2.902E+14  2.900E+14  2.897E+14  2.892E+14  2.885E+14  2.873E+14  2.855E+14  2.830E+14  2.795E+14  2.746E+14  2.677E+14  2.581E+14  2.449E+14  2.261E+14  1.989E+14  1.577E+14  9.192E+13  1.096E+13
  390.0000  3.766E+14  3.765E+14  3.764E+14  3.760E+14  3.755E+14  3.746E+14  3.731E+14  3.710E+14  3.679E+14  3.636E+14  3.574E+14  3.489E+14  3.369E+14  3.203E+14  2.966E+14  2.620E+14  2.093E+14  1.240E+14  1.506E+13
  395.0000  2.905E+14  2.905E+14  2.904E+14  2.901E+14  2.897E+14  2.891E+14  2.881E+14  2.865E+14  2.843E+14  2.811E+14  2.766E+14  2.702E+14  2.614E+14  2.489E+14  2.311E+14  2.051E+14  1.650E+14  9.924E+13  1.232E+13
  400.0000  5.367E+14  5.367E+14  5.365E+14  5.361E+14  5.355E+14  5.344E+14  5.326E+14  5.299E+14  5.260E+14  5.205E+14  5.125E+14  5.012E+14  4.854E+14  4.630E+14  4.311E+14  3.840E+14  3.110E+14  1.899E+14  2.417E+13
  405.0000  5.449E+14  5.449E+14  5.447E+14  5.444E+14  5.438E+14  5.428E+14  5.412E+14  5.385E+14  5.348E+14  5.295E+14  5.217E+14  5.107E+14  4.952E+14  4.732E+14  4.416E+14  3.948E+14  3.219E+14  1.994E+14  2.609E+13
  410.0000  5.599E+14  5.599E+14  5.597E+14  5.594E+14  5.589E+14  5.579E+14  5.564E+14  5.538E+14  5.502E+14  5.450E+14  5.373E+14  5.264E+14  5.110E+14  4.892E+14  4.576E+14  4.105E+14  3.367E+14  2.114E+14  2.850E+13
  415.0000  5.816E+14  5.816E+14  5.815E+14  5.812E+14  5.807E+14  5.798E+14  5.783E+14  5.758E+14  5.722E+14  5.670E+14  5.594E+14  5.485E+14  5.331E+14  5.111E+14  4.791E+14  4.313E+14  3.559E+14  2.264E+14  3.153E+13
  420.0000  5.856E+14  5.856E+14  5.855E+14  5.852E+14  5.847E+14  5.839E+14  5.825E+14  5.801E+14  5.767E+14  5.717E+14  5.644E+14  5.538E+14  5.388E+14  5.173E+14  4.860E+14  4.389E+14  3.641E+14  2.345E+14  3.378E+13
  425.0000  5.579E+14  5.579E+14  5.578E+14  5.576E+14  5.572E+14  5.564E+14  5.552E+14  5.531E+14  5.500E+14  5.454E+14  5.387E+14  5.290E+14  5.151E+14  4.952E+14  4.661E+14  4.222E+14  3.521E+14  2.293E+14  3.416E+13
  430.0000  5.139E+14  5.139E+14  5.138E+14  5.137E+14  5.133E+14  5.127E+14  5.116E+14  5.098E+14  5.071E+14  5.031E+14  4.971E+14  4.885E+14  4.761E+14  4.583E+14  4.322E+14  3.927E+14  3.291E+14  2.169E+14  3.349E+13
  435.0000  5.959E+14  5.959E+14  5.959E+14  5.957E+14  5.953E+14  5.947E+14  5.935E+14  5.915E+14  5.884E+14  5.840E+14  5.774E+14  5.677E+14  5.538E+14  5.338E+14  5.043E+14  4.594E+14  3.869E+14  2.576E+14  4.122E+13
  440.0000  6.126E+14  6.126E+14  6.125E+14  6.123E+14  6.120E+14  6.114E+14  6.102E+14  6.082E+14  6.053E+14  6.009E+14  5.943E+14  5.847E+14  5.708E+14  5.507E+14  5.211E+14  4.759E+14  4.024E+14  2.706E+14  4.476E+13
  445.0000  6.578E+14  6.577E+14  6.577E+14  6.575E+14  6.572E+14  6.566E+14  6.554E+14  6.534E+14  6.503E+14  6.458E+14  6.390E+14  6.290E+14  6.145E+14  5.935E+14  5.624E+14  5.149E+14  4.372E+14  2.967E+14  5.084E+13
  450.0000  6.997E+14  6.996E+14  6.996E+14  6.995E+14  6.991E+14  6.985E+14  6.973E+14  6.953E+14  6.922E+14  6.875E+14  6.805E+14  6.702E+14  6.553E+14  6.335E+14  6.013E+14  5.517E+14  4.705E+14  3.223E+14  5.722E+13
  455.0000  6.850E+14  6.850E+14  6.850E+14  6.849E+14  6.846E+14  6.840E+14  6.829E+14  6.810E+14  6.780E+14  6.737E+14  6.670E+14  6.572E+14  6.430E+14  6.223E+14  5.914E+14  5.438E+14  4.655E+14  3.216E+14  5.908E+13
  460.0000  7.051E+14  7.051E+14  7.051E+14  7.050E+14  7.047E+14  7.041E+14  7.030E+14  7.010E+14  6.981E+14  6.937E+14  6.870E+14  6.771E+14  6.627E+14  6.417E+14  6.104E+14  5.621E+14  4.822E+14  3.349E+14  6.305E+13
  465.0000  6.980E+14  6.980E+14  6.980E+14  6.979E+14  6.976E+14  6.970E+14  6.960E+14  6.942E+14  6.914E+14  6.872E+14  6.807E+14  6.712E+14  6.574E+14  6.372E+14  6.069E+14  5.600E+14  4.823E+14  3.378E+14  6.587E+13
  470.0000  6.952E+14  6.952E+14  6.951E+14  6.950E+14  6.948E+14  6.942E+14  6.933E+14  6.915E+14  6.888E+14  6.847E+14  6.785E+14  6.693E+14  6.559E+14  6.361E+14  6.066E+14  5.608E+14  4.845E+14  3.418E+14  6.880E+13
  475.0000  7.044E+14  7.044E+14  7.044E+14  7.043E+14  7.040E+14  7.035E+14  7.025E+14  7.008E+14  6.981E+14  6.941E+14  6.879E+14  6.788E+14  6.655E+14  6.459E+14  6.165E+14  5.708E+14  4.945E+14  3.510E+14  7.271E+13
  480.0000  7.252E+14  7.252E+14  7.251E+14  7.250E+14  7.247E+14  7.241E+14  7.231E+14  7.212E+14  7.185E+14  7.143E+14  7.080E+14  6.986E+14  6.850E+14  6.649E+14  6.348E+14  5.879E+14  5.094E+14  3.616E+14  7.580E+13
  485.0000  6.601E+14  6.601E+14  6.600E+14  6.599E+14  6.596E+14  6.591E+14  6.582E+14  6.565E+14  6.541E+14  6.504E+14  6.447E+14  6.364E+14  6.242E+14  6.062E+14  5.793E+14  5.372E+14  4.666E+14  3.331E+14  7.173E+13
  490.0000  6.892E+14  6.892E+14  6.892E+14  6.891E+14  6.888E+14  6.883E+14  6.873E+14  6.857E+14  6.831E+14  6.794E+14  6.736E+14  6.652E+14  6.527E+14  6.344E+14  6.069E+14  5.638E+14  4.913E+14  3.532E+14  7.853E+13
  495.0000  7.038E+14  7.038E+14  7.037E+14  7.036E+14  7.033E+14  7.027E+14  7.018E+14  7.001E+14  6.976E+14  6.938E+14  6.880E+14  6.795E+14  6.670E+14  6.486E+14  6.209E+14  5.774E+14  5.041E+14  3.640E+14  8.284E+13
  500.0000  6.723E+14  6.723E+14  6.722E+14  6.721E+14  6.718E+14  6.712E+14  6.702E+14  6.686E+14  6.661E+14  6.624E+14  6.568E+14  6.486E+14  6.367E+14  6.190E+14  5.925E+14  5.509E+14  4.807E+14  3.465E+14  7.938E+13
  505.0000  6.840E+14  6.839E+14  6.839E+14  6.836E+14  6.833E+14  6.826E+14  6.815E+14  6.798E+14  6.771E+14  6.733E+14  6.675E+14  6.590E+14  6.466E+14  6.285E+14  6.012E+14  5.585E+14  4.863E+14  3.489E+14  7.969E+13
  510.0000  6.806E+14  6.806E+14  6.804E+14  6.802E+14  6.799E+14  6.793E+14  6.782E+14  6.765E+14  6.739E+14  6.701E+14  6.645E+14  6.563E+14  6.442E+14  6.265E+14  5.999E+14  5.582E+14  4.875E+14  3.521E+14  8.282E+13
  515.0000  6.330E+14  6.329E+14  6.328E+14  6.326E+14  6.323E+14  6.317E+14  6.307E+14  6.291E+14  6.267E+14  6.233E+14  6.181E+14  6.105E+14  5.995E+14  5.832E+14  5.588E+14  5.204E+14  4.552E+14  3.300E+14  7.931E+13
  520.0000  6.526E+14  6.525E+14  6.524E+14  6.522E+14  6.518E+14  6.512E+14  6.501E+14  6.484E+14  6.460E+14  6.424E+14  6.370E+14  6.292E+14  6.178E+14  6.012E+14  5.761E+14  5.366E+14  4.696E+14  3.407E+14  8.288E+13
  525.0000  6.562E+14  6.561E+14  6.560E+14  6.557E+14  6.553E+14  6.545E+14  6.534E+14  6.516E+14  6.490E+14  6.453E+14  6.398E+14  6.318E+14  6.202E+14  6.032E+14  5.777E+14  5.376E+14  4.697E+14  3.393E+14  8.229E+13
  530.0000  6.923E+14  6.923E+14  6.921E+14  6.917E+14  6.912E+14  6.903E+14  6.890E+14  6.870E+14  6.841E+14  6.800E+14  6.739E+14  6.652E+14  6.526E+14  6.343E+14  6.068E+14  5.638E+14  4.909E+14  3.517E+14  8.415E+13
  535.0000  6.730E+14  6.729E+14  6.727E+14  6.724E+14  6.718E+14  6.709E+14  6.696E+14  6.676E+14  6.647E+14  6.606E+14  6.547E+14  6.462E+14  6.340E+14  6.161E+14  5.894E+14  5.475E+14  4.766E+14  3.411E+14  8.218E+13
  540.0000  6.762E+14  6.761E+14  6.759E+14  6.756E+14  6.750E+14  6.741E+14  6.727E+14  6.707E+14  6.678E+14  6.637E+14  6.578E+14  6.493E+14  6.371E+14  6.194E+14  5.927E+14  5.510E+14  4.802E+14  3.448E+14  8.452E+13
  545.0000  6.883E+14  6.882E+14  6.880E+14  6.876E+14  6.870E+14  6.860E+14  6.845E+14  6.824E+14  6.794E+14  6.751E+14  6.690E+14  6.603E+14  6.478E+14  6.296E+14  6.024E+14  5.597E+14  4.874E+14  3.491E+14  8.581E+13
  550.0000  6.928E+14  6.927E+14  6.925E+14  6.921E+14  6.913E+14  6.904E+14  6.889E+14  6.866E+14  6.835E+14  6.792E+14  6.730E+14  6.642E+14  6.516E+14  6.332E+14  6.058E+14  5.629E+14  4.900E+14  3.508E+14  8.683E+13
  555.0000  6.892E+14  6.891E+14  6.888E+14  6.884E+14  6.877E+14  6.866E+14  6.851E+14  6.828E+14  6.797E+14  6.754E+14  6.691E+14  6.603E+14  6.478E+14  6.295E+14  6.023E+14  5.596E+14  4.872E+14  3.488E+14  8.727E+13
  560.0000  6.736E+14  6.735E+14  6.732E+14  6.727E+14  6.720E+14  6.708E+14  6.693E+14  6.669E+14  6.637E+14  6.593E+14  6.531E+14  6.442E+14  6.317E+14  6.135E+14  5.864E+14  5.440E+14  4.723E+14  3.358E+14  8.306E+13
  565.0000  6.765E+14  6.763E+14  6.760E+14  6.755E+14  6.746E+14  6.734E+14  6.717E+14  6.692E+14  6.658E+14  6.613E+14  6.547E+14  6.456E+14  6.327E+14  6.140E+14  5.863E+14  5.430E+14  4.699E+14  3.315E+14  8.081E+13
  570.0000  6.749E+14  6.748E+14  6.745E+14  6.739E+14  6.730E+14  6.717E+14  6.699E+14  6.673E+14  6.639E+14  6.592E+14  6.525E+14  6.433E+14  6.302E+14  6.114E+14  5.835E+14  5.399E+14  4.665E+14  3.278E+14  7.958E+13
  575.0000  6.892E+14  6.891E+14  6.888E+14  6.881E+14  6.872E+14  6.859E+14  6.840E+14  6.813E+14  6.777E+14  6.729E+14  6.661E+14  6.566E+14  6.432E+14  6.240E+14  5.954E+14  5.510E+14  4.760E+14  3.344E+14  8.175E+13
  580.0000  6.819E+14  6.818E+14  6.814E+14  6.808E+14  6.799E+14  6.786E+14  6.768E+14  6.741E+14  6.707E+14  6.660E+14  6.594E+14  6.502E+14  6.373E+14  6.187E+14  5.911E+14  5.480E+14  4.750E+14  3.365E+14  8.483E+13
  585.0000  6.862E+14  6.861E+14  6.858E+14  6.852E+14  6.843E+14  6.830E+14  6.812E+14  6.786E+14  6.752E+14  6.706E+14  6.642E+14  6.552E+14  6.424E+14  6.242E+14  5.970E+14  5.545E+14  4.825E+14  3.447E+14  8.971E+13
  590.0000  6.655E+14  6.654E+14  6.650E+14  6.645E+14  6.636E+14  6.623E+14  6.606E+14  6.580E+14  6.548E+14  6.503E+14  6.441E+14  6.354E+14  6.232E+14  6.057E+14  5.796E+14  5.388E+14  4.695E+14  3.366E+14  8.909E+13
  595.0000  6.813E+14  6.812E+14  6.808E+14  6.802E+14  6.792E+14  6.779E+14  6.760E+14  6.733E+14  6.699E+14  6.652E+14  6.587E+14  6.496E+14  6.369E+14  6.187E+14  5.916E+14  5.494E+14  4.778E+14  3.410E+14  8.963E+13
  600.0000  6.671E+14  6.670E+14  6.666E+14  6.659E+14  6.649E+14  6.635E+14  6.616E+14  6.588E+14  6.553E+14  6.505E+14  6.439E+14  6.348E+14  6.221E+14  6.039E+14  5.769E+14  5.348E+14  4.637E+14  3.285E+14  8.509E+13
  605.0000  6.783E+14  6.781E+14  6.777E+14  6.770E+14  6.760E+14  6.745E+14  6.725E+14  6.697E+14  6.661E+14  6.613E+14  6.546E+14  6.454E+14  6.325E+14  6.141E+14  5.868E+14  5.443E+14  4.724E+14  3.354E+14  8.803E+13
  610.0000  6.741E+14  6.740E+14  6.736E+14  6.730E+14  6.720E+14  6.706E+14  6.687E+14  6.660E+14  6.626E+14  6.580E+14  6.516E+14  6.427E+14  6.304E+14  6.127E+14  5.866E+14  5.457E+14  4.762E+14  3.425E+14  9.388E+13
  615.0000  6.627E+14  6.626E+14  6.622E+14  6.616E+14  6.607E+14  6.594E+14  6.576E+14  6.551E+14  6.519E+14  6.475E+14  6.415E+14  6.333E+14  6.217E+14  6.050E+14  5.803E+14  5.415E+14  4.754E+14  3.470E+14  9.969E+13
  620.0000  6.767E+14  6.766E+14  6.762E+14  6.756E+14  6.747E+14  6.734E+14  6.717E+14  6.692E+14  6.661E+14  6.618E+14  6.559E+14  6.478E+14  6.364E+14  6.200E+14  5.956E+14  5.573E+14  4.917E+14  3.631E+14  1.085E+14
  625.0000  6.664E+14  6.663E+14  6.659E+14  6.653E+14  6.645E+14  6.632E+14  6.615E+14  6.592E+14  6.562E+14  6.521E+14  6.465E+14  6.387E+14  6.278E+14  6.121E+14  5.888E+14  5.521E+14  4.890E+14  3.646E+14  1.126E+14
  630.0000  6.715E+14  6.714E+14  6.711E+14  6.705E+14  6.696E+14  6.685E+14  6.668E+14  6.645E+14  6.616E+14  6.577E+14  6.522E+14  6.446E+14  6.340E+14  6.187E+14  5.959E+14  5.600E+14  4.982E+14  3.752E+14  1.200E+14
  635.0000  6.712E+14  6.711E+14  6.708E+14  6.702E+14  6.694E+14  6.682E+14  6.666E+14  6.645E+14  6.616E+14  6.578E+14  6.526E+14  6.453E+14  6.351E+14  6.203E+14  5.983E+14  5.636E+14  5.037E+14  3.834E+14  1.271E+14
  640.0000  6.678E+14  6.677E+14  6.674E+14  6.668E+14  6.660E+14  6.649E+14  6.635E+14  6.614E+14  6.587E+14  6.550E+14  6.500E+14  6.431E+14  6.333E+14  6.192E+14  5.981E+14  5.648E+14  5.070E+14  3.902E+14  1.342E+14
  644.8000  6.681E+14  6.680E+14  6.677E+14  6.672E+14  6.664E+14  6.653E+14  6.639E+14  6.618E+14  6.592E+14  6.557E+14  6.509E+14  6.442E+14  6.347E+14  6.211E+14  6.007E+14  5.685E+14  5.123E+14  3.981E+14  1.414E+14
  651.0500  6.648E+14  6.647E+14  6.644E+14  6.639E+14  6.632E+14  6.621E+14  6.607E+14  6.588E+14  6.563E+14  6.530E+14  6.483E+14  6.419E+14  6.328E+14  6.198E+14  6.002E+14  5.693E+14  5.152E+14  4.044E+14  1.487E+14
  660.0000  6.379E+14  6.378E+14  6.376E+14  6.371E+14  6.364E+14  6.354E+14  6.342E+14  6.324E+14  6.301E+14  6.271E+14  6.229E+14  6.170E+14  6.088E+14  5.970E+14  5.793E+14  5.511E+14  5.018E+14  3.996E+14  1.544E+14
  670.0000  6.630E+14  6.630E+14  6.626E+14  6.622E+14  6.615E+14  6.605E+14  6.593E+14  6.576E+14  6.553E+14  6.524E+14  6.483E+14  6.426E+14  6.346E+14  6.231E+14  6.059E+14  5.784E+14  5.301E+14  4.288E+14  1.748E+14
  680.0000  6.590E+14  6.589E+14  6.587E+14  6.582E+14  6.575E+14  6.566E+14  6.554E+14  6.538E+14  6.517E+14  6.489E+14  6.450E+14  6.397E+14  6.323E+14  6.215E+14  6.053E+14  5.796E+14  5.341E+14  4.378E+14  1.869E+14
  690.0000  6.573E+14  6.572E+14  6.570E+14  6.565E+14  6.559E+14  6.550E+14  6.538E+14  6.522E+14  6.502E+14  6.475E+14  6.439E+14  6.388E+14  6.317E+14  6.215E+14  6.062E+14  5.818E+14  5.386E+14  4.464E+14  1.981E+14
  700.0000  6.537E+14  6.536E+14  6.534E+14  6.529E+14  6.523E+14  6.514E+14  6.503E+14  6.488E+14  6.468E+14  6.443E+14  6.408E+14  6.360E+14  6.293E+14  6.197E+14  6.053E+14  5.823E+14  5.415E+14  4.538E+14  2.093E+14
  710.0000  6.458E+14  6.457E+14  6.454E+14  6.449E+14  6.443E+14  6.435E+14  6.423E+14  6.409E+14  6.390E+14  6.365E+14  6.332E+14  6.286E+14  6.222E+14  6.131E+14  5.994E+14  5.775E+14  5.388E+14  4.549E+14  2.159E+14
  720.0000  6.316E+14  6.316E+14  6.313E+14  6.309E+14  6.302E+14  6.294E+14  6.283E+14  6.268E+14  6.250E+14  6.226E+14  6.194E+14  6.151E+14  6.090E+14  6.003E+14  5.874E+14  5.668E+14  5.301E+14  4.505E+14  2.192E+14
  730.0000  6.241E+14  6.240E+14  6.237E+14  6.233E+14  6.227E+14  6.218E+14  6.208E+14  6.193E+14  6.176E+14  6.153E+14  6.122E+14  6.080E+14  6.022E+14  5.940E+14  5.817E+14  5.621E+14  5.274E+14  4.514E+14  2.256E+14
------------------------------------------------------------
Photolysis rate coefficients, s-1
   1 = O3 -> O2 + O(1D)                                  
   2 = NO2 -> NO + O(3P)                                 
   3 = HNO2 -> OH + NO                                   
   4 = HNO3 -> OH + NO2                                  
   5 = Cl2 -> Cl + Cl                                    
   6 = ClOO -> Products                                  
   7 = OClO -> Products                                  
   8 = ClOOCl -> Cl + ClOO                               
   9 = ClNO2 -> Cl + NO2                                 
  10 = Br2 -> Br + Br                                    
  11 = BrO -> Br + O                                     
  12 = HOBr -> OH + Br                                   
  13 = BrNO -> Br + NO                                   
  14 = BrONO -> Br + NO2                                 
  15 = BrONO -> BrO + NO                                 
  16 = BrNO2 -> Br + NO2                                 
  17 = BrONO2 -> BrO + NO2                               
  18 = BrONO2 -> Br + NO3                                
  19 = BrCl -> Br + Cl                                   
values at z =     12.000 km
Columns: sza, photo-reactions
 sza, deg.          1          2          3          4          5          6          7          8          9         10         11         12         13         14         15         16         17         18         19
    0.0000  6.686E-05  1.397E-02  2.519E-03  9.864E-07  4.052E-03  0.000E+00  1.325E-01  3.101E-03  8.919E-04  4.308E-02  6.778E-02  3.524E-03  3.153E-02  2.136E-02  2.136E-02  7.224E-03  3.411E-04  1.933E-03  1.556E-02
    5.0000  6.645E-05  1.397E-02  2.518E-03  9.826E-07  4.049E-03  0.000E+00  1.325E-01  3.098E-03  8.908E-04  4.308E-02  6.773E-02  3.523E-03  3.153E-02  2.134E-02  2.134E-02  7.222E-03  3.409E-04  1.932E-03  1.556E-02
   10.0000  6.521E-05  1.395E-02  2.515E-03  9.711E-07  4.041E-03  0.000E+00  1.323E-01  3.087E-03  8.878E-04  4.307E-02  6.757E-02  3.517E-03  3.151E-02  2.127E-02  2.127E-02  7.215E-03  3.402E-04  1.928E-03  1.555E-02
   15.0000  6.316E-05  1.392E-02  2.510E-03  9.519E-07  4.027E-03  0.000E+00  1.321E-01  3.069E-03  8.826E-04  4.305E-02  6.728E-02  3.508E-03  3.148E-02  2.116E-02  2.116E-02  7.203E-03  3.391E-04  1.922E-03  1.553E-02
   20.0000  6.033E-05  1.388E-02  2.501E-03  9.251E-07  4.005E-03  0.000E+00  1.316E-01  3.043E-03  8.749E-04  4.302E-02  6.686E-02  3.495E-03  3.143E-02  2.100E-02  2.100E-02  7.184E-03  3.374E-04  1.912E-03  1.551E-02
   25.0000  5.675E-05  1.382E-02  2.488E-03  8.906E-07  3.975E-03  0.000E+00  1.310E-01  3.007E-03  8.645E-04  4.296E-02  6.627E-02  3.475E-03  3.135E-02  2.078E-02  2.078E-02  7.156E-03  3.351E-04  1.899E-03  1.547E-02
   30.0000  5.248E-05  1.373E-02  2.471E-03  8.483E-07  3.934E-03  0.000E+00  1.301E-01  2.960E-03  8.509E-04  4.287E-02  6.548E-02  3.448E-03  3.125E-02  2.048E-02  2.048E-02  7.115E-03  3.319E-04  1.881E-03  1.541E-02
   35.0000  4.755E-05  1.361E-02  2.446E-03  7.977E-07  3.878E-03  0.000E+00  1.288E-01  2.899E-03  8.329E-04  4.272E-02  6.440E-02  3.411E-03  3.108E-02  2.008E-02  2.008E-02  7.057E-03  3.276E-04  1.857E-03  1.532E-02
   40.0000  4.211E-05  1.344E-02  2.412E-03  7.401E-07  3.806E-03  0.000E+00  1.272E-01  2.824E-03  8.109E-04  4.249E-02  6.304E-02  3.363E-03  3.087E-02  1.959E-02  1.959E-02  6.979E-03  3.222E-04  1.826E-03  1.520E-02
   45.0000  3.631E-05  1.321E-02  2.368E-03  6.755E-07  3.714E-03  0.000E+00  1.249E-01  2.732E-03  7.837E-04  4.217E-02  6.130E-02  3.300E-03  3.057E-02  1.897E-02  1.897E-02  6.875E-03  3.152E-04  1.786E-03  1.503E-02
   50.0000  3.020E-05  1.291E-02  2.308E-03  6.029E-07  3.594E-03  0.000E+00  1.219E-01  2.616E-03  7.494E-04  4.169E-02  5.905E-02  3.217E-03  3.015E-02  1.819E-02  1.819E-02  6.733E-03  3.061E-04  1.735E-03  1.478E-02
   55.0000  2.402E-05  1.250E-02  2.228E-03  5.235E-07  3.439E-03  0.000E+00  1.179E-01  2.473E-03  7.069E-04  4.099E-02  5.616E-02  3.109E-03  2.958E-02  1.720E-02  1.720E-02  6.541E-03  2.944E-04  1.668E-03  1.444E-02
   60.0000  1.800E-05  1.195E-02  2.121E-03  4.382E-07  3.239E-03  0.000E+00  1.126E-01  2.296E-03  6.544E-04  4.001E-02  5.248E-02  2.966E-03  2.878E-02  1.597E-02  1.597E-02  6.283E-03  2.794E-04  1.583E-03  1.397E-02
   65.0000  1.245E-05  1.121E-02  1.979E-03  3.484E-07  2.981E-03  0.000E+00  1.055E-01  2.076E-03  5.894E-04  3.858E-02  4.776E-02  2.778E-03  2.767E-02  1.442E-02  1.442E-02  5.934E-03  2.599E-04  1.473E-03  1.332E-02
   70.0000  7.694E-06  1.020E-02  1.786E-03  2.568E-07  2.644E-03  0.000E+00  9.580E-02  1.804E-03  5.086E-04  3.650E-02  4.169E-02  2.527E-03  2.609E-02  1.246E-02  1.246E-02  5.453E-03  2.343E-04  1.328E-03  1.239E-02
   75.0000  4.053E-06  8.793E-03  1.519E-03  1.673E-07  2.199E-03  0.000E+00  8.241E-02  1.461E-03  4.077E-04  3.333E-02  3.381E-02  2.184E-03  2.375E-02  9.988E-03  9.988E-03  4.773E-03  2.001E-04  1.134E-03  1.104E-02
   80.0000  1.704E-06  6.762E-03  1.141E-03  8.685E-08  1.602E-03  0.000E+00  6.327E-02  1.028E-03  2.816E-04  2.821E-02  2.357E-02  1.697E-03  2.006E-02  6.852E-03  6.852E-03  3.774E-03  1.530E-04  8.670E-04  8.970E-03
   85.0000  4.863E-07  3.744E-03  5.998E-04  2.694E-08  8.105E-04  0.000E+00  3.515E-02  4.942E-04  1.304E-04  1.906E-02  1.084E-02  9.819E-04  1.368E-02  3.081E-03  3.081E-03  2.226E-03  8.616E-05  4.883E-04  5.585E-03
   90.0000  6.402E-08  4.489E-04  7.010E-05  2.893E-09  9.876E-05  0.000E+00  4.403E-03  5.755E-05  1.492E-05  3.526E-03  1.239E-03  1.436E-04  3.086E-03  3.518E-04  3.518E-04  2.983E-04  1.187E-05  6.728E-05  8.601E-04
------------------------------------------------------------
