Spectral actinic flux, quanta cm-2 s-1 nm-1
values at z =      2.000 km
Columns: wavelength (nm), solar zenith angles (deg.)
    wc, nm      0.000      5.000     10.000     15.000     20.000     25.000     30.000     35.000     40.000     45.000     50.000     55.000     60.000     65.000     70.000     75.000     80.000     85.000     90.000
  120.7000  0.000E+00  0.000E+00  0.000E+00  0.000E+00  0.000E+00  0.000E+00  0.000E+00  0.000E+00  0.000E+00  0.000E+00  0.000E+00  0.000E+00  0.000E+00  0.000E+00  0.000E+00  0.000E+00  0.000E+00  0.000E+00  0.000E+00
  121.6500  0.000E+00  0.000E+00  0.000E+00  0.000E+00  0.000E+00  0.000E+00  0.000E+00  0.000E+00  0.000E+00  0.000E+00  0.000E+00  0.000E+00  0.000E+00  0.000E+00  0.000E+00  0.000E+00  0.000E+00  0.000E+00  0.000E+00
  122.1000  0.000E+00  0.000E+00  0.000E+00  0.000E+00  0.000E+00  0.000E+00  0.000E+00  0.000E+00  0.000E+00  0.000E+00  0.000E+00  0.000E+00  0.000E+00  0.000E+00  0.000E+00  0.000E+00  0.000E+00  0.000E+00  0.000E+00
  122.7000  0.000E+00  0.000E+00  0.000E+00  0.000E+00  0.000E+00  0.000E+00  0.000E+00  0.000E+00  0.000E+00  0.000E+00  0.000E+00  0.000E+00  0.000E+00  0.000E+00  0.000E+00  0.000E+00  0.000E+00  0.000E+00  0.000E+00
  123.4500  0.000E+00  0.000E+00  0.000E+00  0.000E+00  0.000E+00  0.000E+00  0.000E+00  0.000E+00  0.000E+00  0.000E+00  0.000E+00  0.000E+00  0.000E+00  0.000E+00  0.000E+00  0.000E+00  0.000E+00  0.000E+00  0.000E+00
  124.2000  0.000E+00  0.000E+00  0.000E+00  0.000E+00  0.000E+00  0.000E+00  0.000E+00  0.000E+00  0.000E+00  0.000E+00  0.000E+00  0.000E+00  0.000E+00  0.000E+00  0.000E+00  0.000E+00  0.000E+00  0.000E+00  0.000E+00
  125.0000  0.000E+00  0.000E+00  0.000E+00  0.000E+00  0.000E+00  0.000E+00  0.000E+00  0.000E+00  0.000E+00  0.000E+00  0.000E+00  0.000E+00  0.000E+00  0.000E+00  0.000E+00  0.000E+00  0.000E+00  0.000E+00  0.000E+00
  125.8000  0.000E+00  0.000E+00  0.000E+00  0.000E+00  0.000E+00  0.000E+00  0.000E+00  0.000E+00  0.000E+00  0.000E+00  0.000E+00  0.000E+00  0.000E+00  0.000E+00  0.000E+00  0.000E+00  0.000E+00  0.000E+00  0.000E+00
  126.6000  0.000E+00  0.000E+00  0.000E+00  0.000E+00  0.000E+00  0.000E+00  0.000E+00  0.000E+00  0.000E+00  0.000E+00  0.000E+00  0.000E+00  0.000E+00  0.000E+00  0.000E+00  0.000E+00  0.000E+00  0.000E+00  0.000E+00
  127.8000  0.000E+00  0.000E+00  0.000E+00  0.000E+00  0.000E+00  0.000E+00  0.000E+00  0.000E+00  0.000E+00  0.000E+00  0.000E+00  0.000E+00  0.000E+00  0.000E+00  0.000E+00  0.000E+00  0.000E+00  0.000E+00  0.000E+00
  129.0000  0.000E+00  0.000E+00  0.000E+00  0.000E+00  0.000E+00  0.000E+00  0.000E+00  0.000E+00  0.000E+00  0.000E+00  0.000E+00  0.000E+00  0.000E+00  0.000E+00  0.000E+00  0.000E+00  0.000E+00  0.000E+00  0.000E+00
  129.8500  0.000E+00  0.000E+00  0.000E+00  0.000E+00  0.000E+00  0.000E+00  0.000E+00  0.000E+00  0.000E+00  0.000E+00  0.000E+00  0.000E+00  0.000E+00  0.000E+00  0.000E+00  0.000E+00  0.000E+00  0.000E+00  0.000E+00
  131.1500  0.000E+00  0.000E+00  0.000E+00  0.000E+00  0.000E+00  0.000E+00  0.000E+00  0.000E+00  0.000E+00  0.000E+00  0.000E+00  0.000E+00  0.000E+00  0.000E+00  0.000E+00  0.000E+00  0.000E+00  0.000E+00  0.000E+00
  133.5000  0.000E+00  0.000E+00  0.000E+00  0.000E+00  0.000E+00  0.000E+00  0.000E+00  0.000E+00  0.000E+00  0.000E+00  0.000E+00  0.000E+00  0.000E+00  0.000E+00  0.000E+00  0.000E+00  0.000E+00  0.000E+00  0.000E+00
  136.0000  0.000E+00  0.000E+00  0.000E+00  0.000E+00  0.000E+00  0.000E+00  0.000E+00  0.000E+00  0.000E+00  0.000E+00  0.000E+00  0.000E+00  0.000E+00  0.000E+00  0.000E+00  0.000E+00  0.000E+00  0.000E+00  0.000E+00
  141.0000  0.000E+00  0.000E+00  0.000E+00  0.000E+00  0.000E+00  0.000E+00  0.000E+00  0.000E+00  0.000E+00  0.000E+00  0.000E+00  0.000E+00  0.000E+00  0.000E+00  0.000E+00  0.000E+00  0.000E+00  0.000E+00  0.000E+00
  150.0000  0.000E+00  0.000E+00  0.000E+00  0.000E+00  0.000E+00  0.000E+00  0.000E+00  0.000E+00  0.000E+00  0.000E+00  0.000E+00  0.000E+00  0.000E+00  0.000E+00  0.000E+00  0.000E+00  0.000E+00  0.000E+00  0.000E+00
  160.0000  0.000E+00  0.000E+00  0.000E+00  0.000E+00  0.000E+00  0.000E+00  0.000E+00  0.000E+00  0.000E+00  0.000E+00  0.000E+00  0.000E+00  0.000E+00  0.000E+00  0.000E+00  0.000E+00  0.000E+00  0.000E+00  0.000E+00
  167.5000  0.000E+00  0.000E+00  0.000E+00  0.000E+00  0.000E+00  0.000E+00  0.000E+00  0.000E+00  0.000E+00  0.000E+00  0.000E+00  0.000E+00  0.000E+00  0.000E+00  0.000E+00  0.000E+00  0.000E+00  0.000E+00  0.000E+00
  172.2000  0.000E+00  0.000E+00  0.000E+00  0.000E+00  0.000E+00  0.000E+00  0.000E+00  0.000E+00  0.000E+00  0.000E+00  0.000E+00  0.000E+00  0.000E+00  0.000E+00  0.000E+00  0.000E+00  0.000E+00  0.000E+00  0.000E+00
  175.7000  0.000E+00  0.000E+00  0.000E+00  0.000E+00  0.000E+00  0.000E+00  0.000E+00  0.000E+00  0.000E+00  0.000E+00  0.000E+00  0.000E+00  0.000E+00  0.000E+00  0.000E+00  0.000E+00  0.000E+00  0.000E+00  0.000E+00
  177.8000  0.000E+00  0.000E+00  0.000E+00  0.000E+00  0.000E+00  0.000E+00  0.000E+00  0.000E+00  0.000E+00  0.000E+00  0.000E+00  0.000E+00  0.000E+00  0.000E+00  0.000E+00  0.000E+00  0.000E+00  0.000E+00  0.000E+00
  179.4000  0.000E+00  0.000E+00  0.000E+00  0.000E+00  0.000E+00  0.000E+00  0.000E+00  0.000E+00  0.000E+00  0.000E+00  0.000E+00  0.000E+00  0.000E+00  0.000E+00  0.000E+00  0.000E+00  0.000E+00  0.000E+00  0.000E+00
  181.0000  0.000E+00  0.000E+00  0.000E+00  0.000E+00  0.000E+00  0.000E+00  0.000E+00  0.000E+00  0.000E+00  0.000E+00  0.000E+00  0.000E+00  0.000E+00  0.000E+00  0.000E+00  0.000E+00  0.000E+00  0.000E+00  0.000E+00
  182.6500  0.000E+00  0.000E+00  0.000E+00  0.000E+00  0.000E+00  0.000E+00  0.000E+00  0.000E+00  0.000E+00  0.000E+00  0.000E+00  0.000E+00  0.000E+00  0.000E+00  0.000E+00  0.000E+00  0.000E+00  0.000E+00  0.000E+00
  184.3500  0.000E+00  0.000E+00  0.000E+00  0.000E+00  0.000E+00  0.000E+00  0.000E+00  0.000E+00  0.000E+00  0.000E+00  0.000E+00  0.000E+00  0.000E+00  0.000E+00  0.000E+00  0.000E+00  0.000E+00  0.000E+00  0.000E+00
  186.0500  0.000E+00  0.000E+00  0.000E+00  0.000E+00  0.000E+00  0.000E+00  0.000E+00  0.000E+00  0.000E+00  0.000E+00  0.000E+00  0.000E+00  0.000E+00  0.000E+00  0.000E+00  0.000E+00  0.000E+00  0.000E+00  0.000E+00
  187.8000  0.000E+00  0.000E+00  0.000E+00  0.000E+00  0.000E+00  0.000E+00  0.000E+00  0.000E+00  0.000E+00  0.000E+00  0.000E+00  0.000E+00  0.000E+00  0.000E+00  0.000E+00  0.000E+00  0.000E+00  0.000E+00  0.000E+00
  189.6000  0.000E+00  0.000E+00  0.000E+00  0.000E+00  0.000E+00  0.000E+00  0.000E+00  0.000E+00  0.000E+00  0.000E+00  0.000E+00  0.000E+00  0.000E+00  0.000E+00  0.000E+00  0.000E+00  0.000E+00  0.000E+00  0.000E+00
  191.4000  0.000E+00  0.000E+00  0.000E+00  0.000E+00  0.000E+00  0.000E+00  0.000E+00  0.000E+00  0.000E+00  0.000E+00  0.000E+00  0.000E+00  0.000E+00  0.000E+00  0.000E+00  0.000E+00  0.000E+00  0.000E+00  0.000E+00
  193.2500  0.000E+00  0.000E+00  0.000E+00  0.000E+00  0.000E+00  0.000E+00  0.000E+00  0.000E+00  0.000E+00  0.000E+00  0.000E+00  0.000E+00  0.000E+00  0.000E+00  0.000E+00  0.000E+00  0.000E+00  0.000E+00  0.000E+00
  195.1500  0.000E+00  0.000E+00  0.000E+00  0.000E+00  0.000E+00  0.000E+00  0.000E+00  0.000E+00  0.000E+00  0.000E+00  0.000E+00  0.000E+00  0.000E+00  0.000E+00  0.000E+00  0.000E+00  0.000E+00  0.000E+00  0.000E+00
  197.0500  0.000E+00  0.000E+00  0.000E+00  0.000E+00  0.000E+00  0.000E+00  0.000E+00  0.000E+00  0.000E+00  0.000E+00  0.000E+00  0.000E+00  0.000E+00  0.000E+00  0.000E+00  0.000E+00  0.000E+00  0.000E+00  0.000E+00
  199.0000  0.000E+00  0.000E+00  0.000E+00  0.000E+00  0.000E+00  0.000E+00  0.000E+00  0.000E+00  0.000E+00  0.000E+00  0.000E+00  0.000E+00  0.000E+00  0.000E+00  0.000E+00  0.000E+00  0.000E+00  0.000E+00  0.000E+00
  201.0000  0.000E+00  0.000E+00  0.000E+00  0.000E+00  0.000E+00  0.000E+00  0.000E+00  0.000E+00  0.000E+00  0.000E+00  0.000E+00  0.000E+00  0.000E+00  0.000E+00  0.000E+00  0.000E+00  0.000E+00  0.000E+00  0.000E+00
  203.0500  0.000E+00  0.000E+00  0.000E+00  0.000E+00  0.000E+00  0.000E+00  0.000E+00  0.000E+00  0.000E+00  0.000E+00  0.000E+00  0.000E+00  0.000E+00  0.000E+00  0.000E+00  0.000E+00  0.000E+00  0.000E+00  0.000E+00
  204.9500  0.000E+00  0.000E+00  0.000E+00  0.000E+00  0.000E+00  0.000E+00  0.000E+00  0.000E+00  0.000E+00  0.000E+00  0.000E+00  0.000E+00  0.000E+00  0.000E+00  0.000E+00  0.000E+00  0.000E+00  0.000E+00  0.000E+00
  207.0665  0.000E+00  0.000E+00  0.000E+00  0.000E+00  0.000E+00  0.000E+00  0.000E+00  0.000E+00  0.000E+00  0.000E+00  0.000E+00  0.000E+00  0.000E+00  0.000E+00  0.000E+00  0.000E+00  0.000E+00  0.000E+00  0.000E+00
  209.4295  0.000E+00  0.000E+00  0.000E+00  0.000E+00  0.000E+00  0.000E+00  0.000E+00  0.000E+00  0.000E+00  0.000E+00  0.000E+00  0.000E+00  0.000E+00  0.000E+00  0.000E+00  0.000E+00  0.000E+00  0.000E+00  0.000E+00
  211.6460  0.000E+00  0.000E+00  0.000E+00  0.000E+00  0.000E+00  0.000E+00  0.000E+00  0.000E+00  0.000E+00  0.000E+00  0.000E+00  0.000E+00  0.000E+00  0.000E+00  0.000E+00  0.000E+00  0.000E+00  0.000E+00  0.000E+00
  213.9100  0.000E+00  0.000E+00  0.000E+00  0.000E+00  0.000E+00  0.000E+00  0.000E+00  0.000E+00  0.000E+00  0.000E+00  0.000E+00  0.000E+00  0.000E+00  0.000E+00  0.000E+00  0.000E+00  0.000E+00  0.000E+00  0.000E+00
  216.2225  0.000E+00  0.000E+00  0.000E+00  0.000E+00  0.000E+00  0.000E+00  0.000E+00  0.000E+00  0.000E+00  0.000E+00  0.000E+00  0.000E+00  0.000E+00  0.000E+00  0.000E+00  0.000E+00  0.000E+00  0.000E+00  0.000E+00
  218.5855  0.000E+00  0.000E+00  0.000E+00  0.000E+00  0.000E+00  0.000E+00  0.000E+00  0.000E+00  0.000E+00  0.000E+00  0.000E+00  0.000E+00  0.000E+00  0.000E+00  0.000E+00  0.000E+00  0.000E+00  0.000E+00  0.000E+00
  221.0010  0.000E+00  0.000E+00  0.000E+00  0.000E+00  0.000E+00  0.000E+00  0.000E+00  0.000E+00  0.000E+00  0.000E+00  0.000E+00  0.000E+00  0.000E+00  0.000E+00  0.000E+00  0.000E+00  0.000E+00  0.000E+00  0.000E+00
  223.4705  0.000E+00  0.000E+00  0.000E+00  0.000E+00  0.000E+00  0.000E+00  0.000E+00  0.000E+00  0.000E+00  0.000E+00  0.000E+00  0.000E+00  0.000E+00  0.000E+00  0.000E+00  0.000E+00  0.000E+00  0.000E+00  0.000E+00
  225.9960  0.000E+00  0.000E+00  0.000E+00  0.000E+00  0.000E+00  0.000E+00  0.000E+00  0.000E+00  0.000E+00  0.000E+00  0.000E+00  0.000E+00  0.000E+00  0.000E+00  0.000E+00  0.000E+00  0.000E+00  0.000E+00  0.000E+00
  228.5790  0.000E+00  0.000E+00  0.000E+00  0.000E+00  0.000E+00  0.000E+00  0.000E+00  0.000E+00  0.000E+00  0.000E+00  0.000E+00  0.000E+00  0.000E+00  0.000E+00  0.000E+00  0.000E+00  0.000E+00  0.000E+00  0.000E+00
  231.2215  0.000E+00  0.000E+00  0.000E+00  0.000E+00  0.000E+00  0.000E+00  0.000E+00  0.000E+00  0.000E+00  0.000E+00  0.000E+00  0.000E+00  0.000E+00  0.000E+00  0.000E+00  0.000E+00  0.000E+00  0.000E+00  0.000E+00
  233.9260  0.000E+00  0.000E+00  0.000E+00  0.000E+00  0.000E+00  0.000E+00  0.000E+00  0.000E+00  0.000E+00  0.000E+00  0.000E+00  0.000E+00  0.000E+00  0.000E+00  0.000E+00  0.000E+00  0.000E+00  0.000E+00  0.000E+00
  236.6945  0.000E+00  0.000E+00  0.000E+00  0.000E+00  0.000E+00  0.000E+00  0.000E+00  0.000E+00  0.000E+00  0.000E+00  0.000E+00  0.000E+00  0.000E+00  0.000E+00  0.000E+00  0.000E+00  0.000E+00  0.000E+00  0.000E+00
  239.5295  0.000E+00  0.000E+00  0.000E+00  0.000E+00  0.000E+00  0.000E+00  0.000E+00  0.000E+00  0.000E+00  0.000E+00  0.000E+00  0.000E+00  0.000E+00  0.000E+00  0.000E+00  0.000E+00  0.000E+00  0.000E+00  0.000E+00
  242.4330  0.000E+00  0.000E+00  0.000E+00  0.000E+00  0.000E+00  0.000E+00  0.000E+00  0.000E+00  0.000E+00  0.000E+00  0.000E+00  0.000E+00  0.000E+00  0.000E+00  0.000E+00  0.000E+00  0.000E+00  0.000E+00  0.000E+00
  245.4080  0.000E+00  0.000E+00  0.000E+00  0.000E+00  0.000E+00  0.000E+00  0.000E+00  0.000E+00  0.000E+00  0.000E+00  0.000E+00  0.000E+00  0.000E+00  0.000E+00  0.000E+00  0.000E+00  0.000E+00  0.000E+00  0.000E+00
  248.4570  0.000E+00  0.000E+00  0.000E+00  0.000E+00  0.000E+00  0.000E+00  0.000E+00  0.000E+00  0.000E+00  0.000E+00  0.000E+00  0.000E+00  0.000E+00  0.000E+00  0.000E+00  0.000E+00  0.000E+00  0.000E+00  0.000E+00
  251.5825  0.000E+00  0.000E+00  0.000E+00  0.000E+00  0.000E+00  0.000E+00  0.000E+00  0.000E+00  0.000E+00  0.000E+00  0.000E+00  0.000E+00  0.000E+00  0.000E+00  0.000E+00  0.000E+00  0.000E+00  0.000E+00  0.000E+00
  254.7875  0.000E+00  0.000E+00  0.000E+00  0.000E+00  0.000E+00  0.000E+00  0.000E+00  0.000E+00  0.000E+00  0.000E+00  0.000E+00  0.000E+00  0.000E+00  0.000E+00  0.000E+00  0.000E+00  0.000E+00  0.000E+00  0.000E+00
  258.0750  0.000E+00  0.000E+00  0.000E+00  0.000E+00  0.000E+00  0.000E+00  0.000E+00  0.000E+00  0.000E+00  0.000E+00  0.000E+00  0.000E+00  0.000E+00  0.000E+00  0.000E+00  0.000E+00  0.000E+00  0.000E+00  0.000E+00
  261.4490  0.000E+00  0.000E+00  0.000E+00  0.000E+00  0.000E+00  0.000E+00  0.000E+00  0.000E+00  0.000E+00  0.000E+00  0.000E+00  0.000E+00  0.000E+00  0.000E+00  0.000E+00  0.000E+00  0.000E+00  0.000E+00  0.000E+00
  264.9125  0.000E+00  0.000E+00  0.000E+00  0.000E+00  0.000E+00  0.000E+00  0.000E+00  0.000E+00  0.000E+00  0.000E+00  0.000E+00  0.000E+00  0.000E+00  0.000E+00  0.000E+00  0.000E+00  0.000E+00  0.000E+00  0.000E+00
  268.4685  0.000E+00  0.000E+00  0.000E+00  0.000E+00  0.000E+00  0.000E+00  0.000E+00  0.000E+00  0.000E+00  0.000E+00  0.000E+00  0.000E+00  0.000E+00  0.000E+00  0.000E+00  0.000E+00  0.000E+00  0.000E+00  0.000E+00
  272.1215  0.000E+00  0.000E+00  0.000E+00  0.000E+00  0.000E+00  0.000E+00  0.000E+00  0.000E+00  0.000E+00  0.000E+00  0.000E+00  0.000E+00  0.000E+00  0.000E+00  0.000E+00  0.000E+00  0.000E+00  0.000E+00  0.000E+00
  275.8755  0.000E+00  0.000E+00  0.000E+00  0.000E+00  0.000E+00  0.000E+00  0.000E+00  0.000E+00  0.000E+00  0.000E+00  0.000E+00  0.000E+00  0.000E+00  0.000E+00  0.000E+00  0.000E+00  0.000E+00  0.000E+00  0.000E+00
  279.7340  0.000E+00  0.000E+00  0.000E+00  0.000E+00  0.000E+00  0.000E+00  0.000E+00  0.000E+00  0.000E+00  0.000E+00  0.000E+00  0.000E+00  0.000E+00  0.000E+00  0.000E+00  0.000E+00  0.000E+00  0.000E+00  0.000E+00
  283.7020  0.000E+00  0.000E+00  0.000E+00  0.000E+00  0.000E+00  0.000E+00  0.000E+00  0.000E+00  0.000E+00  0.000E+00  0.000E+00  0.000E+00  0.000E+00  0.000E+00  0.000E+00  0.000E+00  0.000E+00  0.000E+00  0.000E+00
  287.7845  0.000E+00  0.000E+00  0.000E+00  0.000E+00  0.000E+00  0.000E+00  0.000E+00  0.000E+00  0.000E+00  0.000E+00  0.000E+00  0.000E+00  0.000E+00  0.000E+00  0.000E+00  0.000E+00  0.000E+00  0.000E+00  0.000E+00
  291.9865  1.744E+10  1.684E+10  1.514E+10  1.261E+10  9.673E+09  6.758E+09  4.234E+09  2.318E+09  1.089E+09  4.224E+08  1.304E+08  3.374E+07  1.011E+07  4.997E+06  3.201E+06  2.151E+06  1.436E+06  8.769E+05  3.568E+05
  296.3090  7.421E+11  7.266E+11  6.815E+11  6.107E+11  5.208E+11  4.198E+11  3.169E+11  2.205E+11  1.395E+11  7.834E+10  3.753E+10  1.481E+10  4.771E+09  1.468E+09  6.304E+08  3.699E+08  2.293E+08  1.313E+08  5.115E+07
  300.5000  6.082E+12  6.004E+12  5.772E+12  5.395E+12  4.891E+12  4.283E+12  3.600E+12  2.877E+12  2.165E+12  1.513E+12  9.532E+11  5.246E+11  2.411E+11  8.858E+10  2.741E+10  1.003E+10  5.142E+09  2.659E+09  9.530E+08
  303.0000  2.023E+13  2.003E+13  1.945E+13  1.849E+13  1.718E+13  1.555E+13  1.365E+13  1.156E+13  9.307E+12  7.104E+12  5.009E+12  3.181E+12  1.749E+12  7.869E+11  2.754E+11  8.226E+10  3.121E+10  1.442E+10  4.762E+09
  304.0000  2.323E+13  2.303E+13  2.241E+13  2.139E+13  1.999E+13  1.824E+13  1.618E+13  1.383E+13  1.137E+13  8.867E+12  6.424E+12  4.225E+12  2.429E+12  1.155E+12  4.273E+11  1.269E+11  4.356E+10  1.912E+10  6.135E+09
  305.0000  3.379E+13  3.352E+13  3.272E+13  3.140E+13  2.956E+13  2.724E+13  2.448E+13  2.137E+13  1.787E+13  1.431E+13  1.073E+13  7.379E+12  4.493E+12  2.300E+12  9.234E+11  2.829E+11  8.584E+10  3.417E+10  1.045E+10
  306.0000  3.306E+13  3.282E+13  3.210E+13  3.090E+13  2.924E+13  2.712E+13  2.458E+13  2.164E+13  1.839E+13  1.499E+13  1.149E+13  8.131E+12  5.139E+12  2.762E+12  1.175E+12  3.747E+11  1.067E+11  3.899E+10  1.146E+10
  307.0000  4.438E+13  4.408E+13  4.320E+13  4.174E+13  3.969E+13  3.707E+13  3.389E+13  3.015E+13  2.603E+13  2.161E+13  1.696E+13  1.237E+13  8.139E+12  4.610E+12  2.096E+12  7.090E+11  1.937E+11  6.314E+10  1.758E+10
  308.0000  5.404E+13  5.371E+13  5.274E+13  5.111E+13  4.883E+13  4.589E+13  4.231E+13  3.804E+13  3.328E+13  2.809E+13  2.253E+13  1.690E+13  1.153E+13  6.860E+12  3.325E+12  1.204E+12  3.278E+11  9.500E+10  2.476E+10
  309.0000  5.726E+13  5.694E+13  5.597E+13  5.434E+13  5.205E+13  4.910E+13  4.547E+13  4.110E+13  3.626E+13  3.090E+13  2.510E+13  1.913E+13  1.333E+13  8.151E+12  4.099E+12  1.547E+12  4.262E+11  1.154E+11  2.870E+10
  310.0000  5.853E+13  5.823E+13  5.735E+13  5.587E+13  5.377E+13  5.104E+13  4.767E+13  4.356E+13  3.895E+13  3.377E+13  2.803E+13  2.199E+13  1.592E+13  1.025E+13  5.524E+12  2.279E+12  6.648E+11  1.616E+11  3.586E+10
  311.0000  9.998E+13  9.950E+13  9.807E+13  9.567E+13  9.226E+13  8.783E+13  8.232E+13  7.560E+13  6.797E+13  5.936E+13  4.975E+13  3.950E+13  2.906E+13  1.912E+13  1.061E+13  4.547E+12  1.369E+12  3.219E+11  6.749E+10
  312.0000  9.119E+13  9.079E+13  8.959E+13  8.756E+13  8.468E+13  8.092E+13  7.623E+13  7.041E+13  6.385E+13  5.633E+13  4.783E+13  3.863E+13  2.906E+13  1.971E+13  1.141E+13  5.171E+12  1.652E+12  3.784E+11  7.209E+10
  313.0000  1.041E+14  1.037E+14  1.024E+14  1.003E+14  9.726E+13  9.328E+13  8.829E+13  8.212E+13  7.500E+13  6.682E+13  5.747E+13  4.718E+13  3.628E+13  2.534E+13  1.529E+13  7.345E+12  2.511E+12  5.782E+11  9.935E+10
  314.0000  1.145E+14  1.141E+14  1.128E+14  1.105E+14  1.073E+14  1.031E+14  9.777E+13  9.115E+13  8.355E+13  7.474E+13  6.463E+13  5.343E+13  4.146E+13  2.931E+13  1.798E+13  8.837E+12  3.100E+12  7.186E+11  1.184E+11
  316.0000  1.208E+14  1.204E+14  1.192E+14  1.171E+14  1.142E+14  1.103E+14  1.053E+14  9.910E+13  9.186E+13  8.337E+13  7.342E+13  6.217E+13  4.980E+13  3.676E+13  2.396E+13  1.283E+13  5.060E+12  1.279E+12  1.826E+11
  320.0000  1.594E+14  1.589E+14  1.576E+14  1.554E+14  1.522E+14  1.479E+14  1.424E+14  1.354E+14  1.270E+14  1.172E+14  1.053E+14  9.161E+13  7.601E+13  5.886E+13  4.100E+13  2.415E+13  1.090E+13  3.247E+12  4.370E+11
  325.0000  2.078E+14  2.073E+14  2.059E+14  2.035E+14  2.000E+14  1.954E+14  1.893E+14  1.816E+14  1.722E+14  1.609E+14  1.471E+14  1.308E+14  1.117E+14  8.989E+13  6.608E+13  4.203E+13  2.122E+13  7.494E+12  1.145E+12
  330.0000  2.595E+14  2.590E+14  2.575E+14  2.548E+14  2.510E+14  2.459E+14  2.391E+14  2.304E+14  2.198E+14  2.069E+14  1.910E+14  1.718E+14  1.489E+14  1.223E+14  9.245E+13  6.106E+13  3.245E+13  1.240E+13  2.156E+12
  335.0000  2.474E+14  2.470E+14  2.457E+14  2.434E+14  2.402E+14  2.357E+14  2.299E+14  2.223E+14  2.129E+14  2.015E+14  1.872E+14  1.699E+14  1.489E+14  1.241E+14  9.566E+13  6.485E+13  3.561E+13  1.425E+13  2.746E+12
  340.0000  2.682E+14  2.678E+14  2.665E+14  2.642E+14  2.610E+14  2.565E+14  2.506E+14  2.429E+14  2.334E+14  2.216E+14  2.069E+14  1.888E+14  1.667E+14  1.403E+14  1.095E+14  7.538E+13  4.205E+13  1.704E+13  3.429E+12
  345.0000  2.634E+14  2.630E+14  2.619E+14  2.598E+14  2.568E+14  2.527E+14  2.473E+14  2.402E+14  2.313E+14  2.203E+14  2.064E+14  1.892E+14  1.681E+14  1.426E+14  1.123E+14  7.826E+13  4.412E+13  1.790E+13  3.665E+12
  350.0000  2.742E+14  2.738E+14  2.727E+14  2.707E+14  2.677E+14  2.637E+14  2.583E+14  2.513E+14  2.424E+14  2.314E+14  2.175E+14  2.001E+14  1.786E+14  1.523E+14  1.209E+14  8.499E+13  4.817E+13  1.934E+13  3.920E+12
  355.0000  2.888E+14  2.884E+14  2.873E+14  2.853E+14  2.824E+14  2.784E+14  2.731E+14  2.660E+14  2.572E+14  2.460E+14  2.319E+14  2.141E+14  1.920E+14  1.648E+14  1.319E+14  9.360E+13  5.350E+13  2.137E+13  4.322E+12
  360.0000  2.631E+14  2.628E+14  2.618E+14  2.602E+14  2.577E+14  2.542E+14  2.496E+14  2.435E+14  2.358E+14  2.261E+14  2.136E+14  1.979E+14  1.783E+14  1.539E+14  1.240E+14  8.884E+13  5.120E+13  2.031E+13  4.078E+12
  365.0000  3.335E+14  3.331E+14  3.320E+14  3.300E+14  3.270E+14  3.229E+14  3.174E+14  3.099E+14  3.006E+14  2.888E+14  2.735E+14  2.542E+14  2.299E+14  1.995E+14  1.620E+14  1.171E+14  6.806E+13  2.685E+13  5.338E+12
  370.0000  3.458E+14  3.454E+14  3.443E+14  3.423E+14  3.394E+14  3.354E+14  3.300E+14  3.226E+14  3.133E+14  3.016E+14  2.863E+14  2.669E+14  2.423E+14  2.113E+14  1.727E+14  1.260E+14  7.389E+13  2.900E+13  5.698E+12
  375.0000  3.116E+14  3.113E+14  3.104E+14  3.087E+14  3.062E+14  3.028E+14  2.981E+14  2.918E+14  2.838E+14  2.736E+14  2.603E+14  2.434E+14  2.218E+14  1.943E+14  1.599E+14  1.176E+14  6.962E+13  2.722E+13  5.278E+12
  380.0000  3.576E+14  3.572E+14  3.562E+14  3.544E+14  3.517E+14  3.480E+14  3.429E+14  3.360E+14  3.272E+14  3.159E+14  3.012E+14  2.823E+14  2.581E+14  2.273E+14  1.881E+14  1.395E+14  8.343E+13  3.255E+13  6.222E+12
  385.0000  2.692E+14  2.689E+14  2.682E+14  2.669E+14  2.650E+14  2.624E+14  2.587E+14  2.537E+14  2.474E+14  2.392E+14  2.285E+14  2.147E+14  1.970E+14  1.742E+14  1.450E+14  1.085E+14  6.551E+13  2.553E+13  4.808E+12
  390.0000  3.511E+14  3.508E+14  3.499E+14  3.484E+14  3.460E+14  3.427E+14  3.382E+14  3.320E+14  3.240E+14  3.138E+14  3.003E+14  2.828E+14  2.602E+14  2.311E+14  1.935E+14  1.459E+14  8.903E+13  3.472E+13  6.434E+12
  395.0000  2.722E+14  2.720E+14  2.713E+14  2.702E+14  2.685E+14  2.660E+14  2.627E+14  2.581E+14  2.522E+14  2.445E+14  2.344E+14  2.212E+14  2.042E+14  1.820E+14  1.533E+14  1.165E+14  7.180E+13  2.805E+13  5.114E+12
  400.0000  5.052E+14  5.048E+14  5.037E+14  5.017E+14  4.986E+14  4.943E+14  4.884E+14  4.802E+14  4.697E+14  4.560E+14  4.378E+14  4.141E+14  3.832E+14  3.429E+14  2.903E+14  2.223E+14  1.385E+14  5.428E+13  9.726E+12
  405.0000  5.151E+14  5.147E+14  5.136E+14  5.117E+14  5.087E+14  5.046E+14  4.988E+14  4.908E+14  4.805E+14  4.670E+14  4.491E+14  4.256E+14  3.949E+14  3.546E+14  3.018E+14  2.328E+14  1.465E+14  5.769E+13  1.015E+13
  410.0000  5.313E+14  5.310E+14  5.299E+14  5.280E+14  5.251E+14  5.210E+14  5.153E+14  5.074E+14  4.971E+14  4.837E+14  4.658E+14  4.423E+14  4.114E+14  3.708E+14  3.170E+14  2.463E+14  1.566E+14  6.201E+13  1.071E+13
  415.0000  5.540E+14  5.536E+14  5.526E+14  5.507E+14  5.478E+14  5.437E+14  5.381E+14  5.302E+14  5.199E+14  5.064E+14  4.883E+14  4.644E+14  4.330E+14  3.915E+14  3.364E+14  2.631E+14  1.690E+14  6.738E+13  1.142E+13
  420.0000  5.596E+14  5.593E+14  5.583E+14  5.565E+14  5.538E+14  5.498E+14  5.443E+14  5.366E+14  5.266E+14  5.134E+14  4.957E+14  4.723E+14  4.414E+14  4.003E+14  3.454E+14  2.720E+14  1.764E+14  7.090E+13  1.179E+13
  425.0000  5.349E+14  5.346E+14  5.337E+14  5.320E+14  5.295E+14  5.259E+14  5.209E+14  5.138E+14  5.046E+14  4.924E+14  4.759E+14  4.542E+14  4.253E+14  3.868E+14  3.352E+14  2.657E+14  1.740E+14  7.049E+13  1.148E+13
  430.0000  4.942E+14  4.939E+14  4.931E+14  4.917E+14  4.895E+14  4.863E+14  4.818E+14  4.755E+14  4.673E+14  4.564E+14  4.417E+14  4.221E+14  3.961E+14  3.613E+14  3.143E+14  2.507E+14  1.658E+14  6.780E+13  1.083E+13
  435.0000  5.747E+14  5.744E+14  5.735E+14  5.719E+14  5.695E+14  5.659E+14  5.609E+14  5.539E+14  5.446E+14  5.323E+14  5.157E+14  4.935E+14  4.640E+14  4.243E+14  3.706E+14  2.973E+14  1.984E+14  8.197E+13  1.283E+13
  440.0000  5.923E+14  5.920E+14  5.911E+14  5.895E+14  5.871E+14  5.836E+14  5.786E+14  5.716E+14  5.624E+14  5.501E+14  5.334E+14  5.111E+14  4.814E+14  4.413E+14  3.869E+14  3.121E+14  2.101E+14  8.764E+13  1.341E+13
  445.0000  6.375E+14  6.372E+14  6.363E+14  6.347E+14  6.322E+14  6.286E+14  6.234E+14  6.161E+14  6.065E+14  5.936E+14  5.762E+14  5.528E+14  5.215E+14  4.792E+14  4.216E+14  3.419E+14  2.322E+14  9.790E+13  1.467E+13
  450.0000  6.797E+14  6.794E+14  6.785E+14  6.768E+14  6.743E+14  6.705E+14  6.653E+14  6.577E+14  6.478E+14  6.345E+14  6.163E+14  5.921E+14  5.594E+14  5.153E+14  4.548E+14  3.708E+14  2.540E+14  1.083E+14  1.591E+13
  455.0000  6.669E+14  6.666E+14  6.658E+14  6.642E+14  6.618E+14  6.583E+14  6.533E+14  6.461E+14  6.366E+14  6.239E+14  6.066E+14  5.834E+14  5.521E+14  5.096E+14  4.512E+14  3.697E+14  2.554E+14  1.101E+14  1.584E+13
  460.0000  6.879E+14  6.876E+14  6.868E+14  6.852E+14  6.828E+14  6.792E+14  6.742E+14  6.670E+14  6.575E+14  6.447E+14  6.272E+14  6.037E+14  5.720E+14  5.289E+14  4.695E+14  3.863E+14  2.686E+14  1.168E+14  1.632E+13
  465.0000  6.823E+14  6.820E+14  6.812E+14  6.797E+14  6.774E+14  6.740E+14  6.692E+14  6.623E+14  6.531E+14  6.407E+14  6.238E+14  6.011E+14  5.703E+14  5.284E+14  4.705E+14  3.889E+14  2.726E+14  1.201E+14  1.647E+13
  470.0000  6.807E+14  6.805E+14  6.797E+14  6.782E+14  6.760E+14  6.727E+14  6.681E+14  6.614E+14  6.524E+14  6.404E+14  6.240E+14  6.018E+14  5.717E+14  5.307E+14  4.739E+14  3.934E+14  2.778E+14  1.238E+14  1.664E+13
  475.0000  6.909E+14  6.907E+14  6.899E+14  6.885E+14  6.863E+14  6.831E+14  6.784E+14  6.718E+14  6.630E+14  6.511E+14  6.347E+14  6.126E+14  5.827E+14  5.419E+14  4.850E+14  4.043E+14  2.875E+14  1.295E+14  1.702E+13
  480.0000  7.124E+14  7.122E+14  7.114E+14  7.099E+14  7.077E+14  7.044E+14  6.997E+14  6.930E+14  6.840E+14  6.719E+14  6.552E+14  6.328E+14  6.023E+14  5.606E+14  5.026E+14  4.200E+14  2.999E+14  1.359E+14  1.722E+13
  485.0000  6.494E+14  6.492E+14  6.485E+14  6.472E+14  6.453E+14  6.423E+14  6.382E+14  6.321E+14  6.241E+14  6.133E+14  5.985E+14  5.784E+14  5.511E+14  5.138E+14  4.617E+14  3.871E+14  2.782E+14  1.275E+14  1.581E+13
  490.0000  6.791E+14  6.788E+14  6.781E+14  6.768E+14  6.748E+14  6.719E+14  6.676E+14  6.615E+14  6.533E+14  6.423E+14  6.271E+14  6.066E+14  5.786E+14  5.403E+14  4.867E+14  4.098E+14  2.966E+14  1.376E+14  1.682E+13
  495.0000  6.943E+14  6.941E+14  6.934E+14  6.921E+14  6.901E+14  6.871E+14  6.829E+14  6.767E+14  6.685E+14  6.574E+14  6.422E+14  6.216E+14  5.935E+14  5.549E+14  5.008E+14  4.230E+14  3.079E+14  1.443E+14  1.726E+13
  500.0000  6.640E+14  6.638E+14  6.632E+14  6.620E+14  6.600E+14  6.572E+14  6.532E+14  6.474E+14  6.396E+14  6.291E+14  6.146E+14  5.951E+14  5.684E+14  5.318E+14  4.805E+14  4.066E+14  2.968E+14  1.398E+14  1.613E+13
  505.0000  6.763E+14  6.761E+14  6.754E+14  6.742E+14  6.722E+14  6.693E+14  6.652E+14  6.593E+14  6.513E+14  6.407E+14  6.260E+14  6.061E+14  5.791E+14  5.420E+14  4.900E+14  4.150E+14  3.034E+14  1.432E+14  1.582E+13
  510.0000  6.738E+14  6.735E+14  6.728E+14  6.716E+14  6.697E+14  6.669E+14  6.629E+14  6.571E+14  6.494E+14  6.390E+14  6.247E+14  6.053E+14  5.789E+14  5.426E+14  4.916E+14  4.178E+14  3.074E+14  1.469E+14  1.605E+13
  515.0000  6.273E+14  6.271E+14  6.264E+14  6.253E+14  6.236E+14  6.210E+14  6.173E+14  6.120E+14  6.050E+14  5.954E+14  5.823E+14  5.645E+14  5.403E+14  5.070E+14  4.601E+14  3.921E+14  2.900E+14  1.400E+14  1.503E+13
  520.0000  6.473E+14  6.471E+14  6.465E+14  6.454E+14  6.435E+14  6.409E+14  6.372E+14  6.317E+14  6.245E+14  6.148E+14  6.014E+14  5.832E+14  5.585E+14  5.245E+14  4.765E+14  4.069E+14  3.020E+14  1.468E+14  1.539E+13
  525.0000  6.515E+14  6.512E+14  6.506E+14  6.494E+14  6.476E+14  6.449E+14  6.411E+14  6.357E+14  6.284E+14  6.186E+14  6.051E+14  5.869E+14  5.621E+14  5.280E+14  4.799E+14  4.101E+14  3.048E+14  1.485E+14  1.501E+13
  530.0000  6.879E+14  6.877E+14  6.870E+14  6.857E+14  6.838E+14  6.809E+14  6.768E+14  6.710E+14  6.632E+14  6.528E+14  6.385E+14  6.192E+14  5.929E+14  5.568E+14  5.061E+14  4.324E+14  3.212E+14  1.564E+14  1.511E+13
  535.0000  6.692E+14  6.690E+14  6.684E+14  6.671E+14  6.652E+14  6.624E+14  6.585E+14  6.528E+14  6.453E+14  6.352E+14  6.214E+14  6.027E+14  5.774E+14  5.425E+14  4.935E+14  4.222E+14  3.145E+14  1.540E+14  1.452E+13
  540.0000  6.730E+14  6.728E+14  6.721E+14  6.709E+14  6.690E+14  6.662E+14  6.622E+14  6.566E+14  6.491E+14  6.391E+14  6.254E+14  6.069E+14  5.817E+14  5.471E+14  4.983E+14  4.273E+14  3.196E+14  1.579E+14  1.471E+13
  545.0000  6.855E+14  6.853E+14  6.846E+14  6.833E+14  6.814E+14  6.785E+14  6.745E+14  6.687E+14  6.611E+14  6.510E+14  6.370E+14  6.183E+14  5.927E+14  5.576E+14  5.082E+14  4.362E+14  3.270E+14  1.622E+14  1.474E+13
  550.0000  6.905E+14  6.902E+14  6.895E+14  6.883E+14  6.863E+14  6.834E+14  6.794E+14  6.736E+14  6.660E+14  6.558E+14  6.418E+14  6.230E+14  5.975E+14  5.624E+14  5.129E+14  4.409E+14  3.313E+14  1.652E+14  1.473E+13
  555.0000  6.875E+14  6.873E+14  6.865E+14  6.853E+14  6.833E+14  6.805E+14  6.765E+14  6.708E+14  6.632E+14  6.532E+14  6.394E+14  6.209E+14  5.957E+14  5.611E+14  5.123E+14  4.411E+14  3.326E+14  1.672E+14  1.461E+13
  560.0000  6.723E+14  6.721E+14  6.714E+14  6.701E+14  6.682E+14  6.653E+14  6.614E+14  6.557E+14  6.483E+14  6.384E+14  6.248E+14  6.066E+14  5.819E+14  5.480E+14  5.003E+14  4.306E+14  3.246E+14  1.631E+14  1.380E+13
  565.0000  6.755E+14  6.753E+14  6.745E+14  6.732E+14  6.712E+14  6.683E+14  6.643E+14  6.585E+14  6.510E+14  6.409E+14  6.272E+14  6.088E+14  5.839E+14  5.497E+14  5.016E+14  4.316E+14  3.250E+14  1.631E+14  1.336E+13
  570.0000  6.743E+14  6.741E+14  6.733E+14  6.720E+14  6.700E+14  6.671E+14  6.630E+14  6.572E+14  6.496E+14  6.395E+14  6.258E+14  6.074E+14  5.826E+14  5.485E+14  5.006E+14  4.308E+14  3.247E+14  1.633E+14  1.308E+13
  575.0000  6.890E+14  6.888E+14  6.880E+14  6.866E+14  6.846E+14  6.816E+14  6.774E+14  6.715E+14  6.638E+14  6.535E+14  6.396E+14  6.209E+14  5.956E+14  5.610E+14  5.124E+14  4.415E+14  3.335E+14  1.686E+14  1.337E+13
  580.0000  6.820E+14  6.818E+14  6.810E+14  6.797E+14  6.777E+14  6.748E+14  6.707E+14  6.650E+14  6.575E+14  6.475E+14  6.340E+14  6.159E+14  5.913E+14  5.576E+14  5.102E+14  4.410E+14  3.351E+14  1.717E+14  1.377E+13
  585.0000  6.867E+14  6.865E+14  6.858E+14  6.845E+14  6.825E+14  6.796E+14  6.756E+14  6.699E+14  6.626E+14  6.527E+14  6.394E+14  6.214E+14  5.972E+14  5.639E+14  5.169E+14  4.482E+14  3.425E+14  1.779E+14  1.446E+13
  590.0000  6.663E+14  6.660E+14  6.653E+14  6.641E+14  6.622E+14  6.594E+14  6.556E+14  6.501E+14  6.430E+14  6.336E+14  6.207E+14  6.035E+14  5.803E+14  5.483E+14  5.032E+14  4.372E+14  3.353E+14  1.756E+14  1.430E+13
  595.0000  6.824E+14  6.821E+14  6.814E+14  6.801E+14  6.781E+14  6.752E+14  6.712E+14  6.656E+14  6.583E+14  6.486E+14  6.354E+14  6.177E+14  5.938E+14  5.611E+14  5.149E+14  4.473E+14  3.431E+14  1.799E+14  1.440E+13
  600.0000  6.684E+14  6.681E+14  6.674E+14  6.661E+14  6.641E+14  6.612E+14  6.572E+14  6.516E+14  6.444E+14  6.347E+14  6.217E+14  6.043E+14  5.807E+14  5.485E+14  5.031E+14  4.368E+14  3.347E+14  1.751E+14  1.371E+13
  605.0000  6.798E+14  6.796E+14  6.788E+14  6.775E+14  6.754E+14  6.725E+14  6.685E+14  6.628E+14  6.555E+14  6.457E+14  6.326E+14  6.150E+14  5.913E+14  5.588E+14  5.131E+14  4.461E+14  3.428E+14  1.807E+14  1.418E+13
  610.0000  6.760E+14  6.757E+14  6.750E+14  6.737E+14  6.718E+14  6.690E+14  6.651E+14  6.596E+14  6.525E+14  6.431E+14  6.304E+14  6.133E+14  5.903E+14  5.588E+14  5.143E+14  4.489E+14  3.476E+14  1.863E+14  1.505E+13
  615.0000  6.648E+14  6.646E+14  6.639E+14  6.627E+14  6.608E+14  6.581E+14  6.544E+14  6.492E+14  6.425E+14  6.335E+14  6.214E+14  6.051E+14  5.831E+14  5.529E+14  5.102E+14  4.473E+14  3.491E+14  1.906E+14  1.590E+13
  620.0000  6.791E+14  6.789E+14  6.782E+14  6.770E+14  6.752E+14  6.725E+14  6.689E+14  6.637E+14  6.570E+14  6.481E+14  6.360E+14  6.198E+14  5.978E+14  5.677E+14  5.250E+14  4.620E+14  3.631E+14  2.013E+14  1.726E+13
  625.0000  6.690E+14  6.687E+14  6.681E+14  6.669E+14  6.652E+14  6.627E+14  6.591E+14  6.542E+14  6.477E+14  6.391E+14  6.274E+14  6.118E+14  5.907E+14  5.616E+14  5.203E+14  4.593E+14  3.630E+14  2.040E+14  1.789E+13
  630.0000  6.744E+14  6.742E+14  6.736E+14  6.724E+14  6.707E+14  6.682E+14  6.647E+14  6.598E+14  6.535E+14  6.450E+14  6.335E+14  6.181E+14  5.973E+14  5.686E+14  5.279E+14  4.674E+14  3.717E+14  2.118E+14  1.903E+13
  635.0000  6.743E+14  6.741E+14  6.735E+14  6.724E+14  6.707E+14  6.683E+14  6.649E+14  6.601E+14  6.539E+14  6.457E+14  6.345E+14  6.195E+14  5.992E+14  5.711E+14  5.313E+14  4.720E+14  3.778E+14  2.183E+14  2.015E+13
  640.0000  6.711E+14  6.709E+14  6.703E+14  6.692E+14  6.676E+14  6.653E+14  6.620E+14  6.574E+14  6.514E+14  6.434E+14  6.326E+14  6.180E+14  5.983E+14  5.711E+14  5.323E+14  4.745E+14  3.822E+14  2.240E+14  2.126E+13
  644.8000  6.716E+14  6.714E+14  6.708E+14  6.698E+14  6.682E+14  6.659E+14  6.627E+14  6.583E+14  6.524E+14  6.446E+14  6.340E+14  6.197E+14  6.004E+14  5.738E+14  5.358E+14  4.791E+14  3.880E+14  2.303E+14  2.240E+13
  651.0500  6.686E+14  6.684E+14  6.678E+14  6.668E+14  6.653E+14  6.631E+14  6.600E+14  6.556E+14  6.499E+14  6.424E+14  6.321E+14  6.183E+14  5.996E+14  5.737E+14  5.368E+14  4.815E+14  3.924E+14  2.363E+14  2.360E+13
  660.0000  6.418E+14  6.416E+14  6.411E+14  6.402E+14  6.388E+14  6.367E+14  6.339E+14  6.299E+14  6.246E+14  6.176E+14  6.081E+14  5.954E+14  5.780E+14  5.541E+14  5.199E+14  4.685E+14  3.851E+14  2.367E+14  2.459E+13
  670.0000  6.674E+14  6.672E+14  6.667E+14  6.658E+14  6.644E+14  6.623E+14  6.595E+14  6.555E+14  6.503E+14  6.433E+14  6.338E+14  6.211E+14  6.039E+14  5.800E+14  5.458E+14  4.944E+14  4.102E+14  2.577E+14  2.799E+13
  680.0000  6.637E+14  6.635E+14  6.630E+14  6.621E+14  6.608E+14  6.588E+14  6.561E+14  6.523E+14  6.472E+14  6.406E+14  6.315E+14  6.193E+14  6.028E+14  5.800E+14  5.473E+14  4.978E+14  4.165E+14  2.667E+14  3.016E+13
  690.0000  6.622E+14  6.620E+14  6.616E+14  6.607E+14  6.594E+14  6.575E+14  6.549E+14  6.512E+14  6.463E+14  6.399E+14  6.311E+14  6.194E+14  6.035E+14  5.814E+14  5.499E+14  5.021E+14  4.230E+14  2.755E+14  3.229E+13
  700.0000  6.588E+14  6.587E+14  6.582E+14  6.573E+14  6.561E+14  6.542E+14  6.517E+14  6.481E+14  6.435E+14  6.373E+14  6.288E+14  6.176E+14  6.022E+14  5.811E+14  5.507E+14  5.047E+14  4.283E+14  2.836E+14  3.448E+13
  710.0000  6.510E+14  6.508E+14  6.504E+14  6.495E+14  6.483E+14  6.465E+14  6.441E+14  6.406E+14  6.361E+14  6.301E+14  6.220E+14  6.111E+14  5.964E+14  5.760E+14  5.469E+14  5.026E+14  4.288E+14  2.876E+14  3.604E+13
  720.0000  6.369E+14  6.368E+14  6.363E+14  6.355E+14  6.343E+14  6.326E+14  6.303E+14  6.269E+14  6.226E+14  6.168E+14  6.091E+14  5.987E+14  5.846E+14  5.652E+14  5.373E+14  4.951E+14  4.244E+14  2.881E+14  3.713E+13
  730.0000  6.295E+14  6.293E+14  6.289E+14  6.281E+14  6.270E+14  6.253E+14  6.230E+14  6.198E+14  6.155E+14  6.100E+14  6.025E+14  5.925E+14  5.789E+14  5.602E+14  5.335E+14  4.928E+14  4.246E+14  2.917E+14  3.876E+13
------------------------------------------------------------
Photolysis rate coefficients, s-1
   1 = O3 -> O2 + O(1D)                                  
   2 = NO2 -> NO + O(3P)                                 
   3 = HNO2 -> OH + NO                                   
   4 = HNO3 -> OH + NO2                                  
   5 = Cl2 -> Cl + Cl                                    
   6 = ClOO -> Products                                  
   7 = OClO -> Products                                  
   8 = ClOOCl -> Cl + ClOO                               
   9 = ClNO2 -> Cl + NO2                                 
  10 = Br2 -> Br + Br                                    
  11 = BrO -> Br + O                                     
  12 = HOBr -> OH + Br                                   
  13 = BrNO -> Br + NO                                   
  14 = BrONO -> Br + NO2                                 
  15 = BrONO -> BrO + NO                                 
  16 = BrNO2 -> Br + NO2                                 
  17 = BrONO2 -> BrO + NO2                               
  18 = BrONO2 -> Br + NO3                                
  19 = BrCl -> Br + Cl                                   
values at z =      2.000 km
Columns: sza, photo-reactions
 sza, deg.          1          2          3          4          5          6          7          8          9         10         11         12         13         14         15         16         17         18         19
    0.0000  6.343E-05  1.334E-02  2.245E-03  1.069E-06  3.545E-03  0.000E+00  1.193E-01  2.668E-03  7.631E-04  4.167E-02  5.821E-02  3.191E-03  3.035E-02  1.822E-02  1.822E-02  6.642E-03  3.058E-04  1.733E-03  1.459E-02
    5.0000  6.295E-05  1.332E-02  2.242E-03  1.064E-06  3.539E-03  0.000E+00  1.192E-01  2.662E-03  7.613E-04  4.165E-02  5.810E-02  3.187E-03  3.033E-02  1.818E-02  1.818E-02  6.635E-03  3.053E-04  1.730E-03  1.458E-02
   10.0000  6.153E-05  1.327E-02  2.233E-03  1.047E-06  3.521E-03  0.000E+00  1.187E-01  2.644E-03  7.561E-04  4.158E-02  5.776E-02  3.174E-03  3.028E-02  1.806E-02  1.806E-02  6.614E-03  3.040E-04  1.722E-03  1.454E-02
   15.0000  5.919E-05  1.319E-02  2.217E-03  1.020E-06  3.490E-03  0.000E+00  1.180E-01  2.614E-03  7.471E-04  4.147E-02  5.717E-02  3.153E-03  3.018E-02  1.786E-02  1.786E-02  6.577E-03  3.016E-04  1.709E-03  1.448E-02
   20.0000  5.598E-05  1.307E-02  2.194E-03  9.819E-07  3.445E-03  0.000E+00  1.168E-01  2.569E-03  7.342E-04  4.129E-02  5.632E-02  3.121E-03  3.003E-02  1.756E-02  1.756E-02  6.523E-03  2.982E-04  1.690E-03  1.439E-02
   25.0000  5.197E-05  1.290E-02  2.162E-03  9.331E-07  3.384E-03  0.000E+00  1.152E-01  2.511E-03  7.169E-04  4.104E-02  5.518E-02  3.078E-03  2.981E-02  1.716E-02  1.716E-02  6.447E-03  2.935E-04  1.663E-03  1.426E-02
   30.0000  4.724E-05  1.267E-02  2.120E-03  8.740E-07  3.304E-03  0.000E+00  1.132E-01  2.436E-03  6.948E-04  4.069E-02  5.369E-02  3.021E-03  2.952E-02  1.665E-02  1.665E-02  6.347E-03  2.874E-04  1.628E-03  1.408E-02
   35.0000  4.186E-05  1.237E-02  2.064E-03  8.039E-07  3.200E-03  0.000E+00  1.104E-01  2.340E-03  6.668E-04  4.019E-02  5.177E-02  2.946E-03  2.912E-02  1.600E-02  1.600E-02  6.212E-03  2.794E-04  1.583E-03  1.384E-02
   40.0000  3.608E-05  1.199E-02  1.995E-03  7.257E-07  3.074E-03  0.000E+00  1.069E-01  2.226E-03  6.334E-04  3.954E-02  4.944E-02  2.853E-03  2.861E-02  1.522E-02  1.522E-02  6.042E-03  2.697E-04  1.528E-03  1.352E-02
   45.0000  3.010E-05  1.152E-02  1.908E-03  6.402E-07  2.919E-03  0.000E+00  1.026E-01  2.091E-03  5.936E-04  3.867E-02  4.661E-02  2.738E-03  2.795E-02  1.428E-02  1.428E-02  5.828E-03  2.577E-04  1.460E-03  1.312E-02
   50.0000  2.402E-05  1.091E-02  1.797E-03  5.471E-07  2.726E-03  0.000E+00  9.708E-02  1.928E-03  5.456E-04  3.751E-02  4.312E-02  2.593E-03  2.708E-02  1.314E-02  1.314E-02  5.552E-03  2.428E-04  1.376E-03  1.260E-02
   55.0000  1.815E-05  1.015E-02  1.660E-03  4.496E-07  2.492E-03  0.000E+00  9.018E-02  1.735E-03  4.891E-04  3.596E-02  3.894E-02  2.413E-03  2.594E-02  1.179E-02  1.179E-02  5.203E-03  2.246E-04  1.272E-03  1.192E-02
   60.0000  1.278E-05  9.196E-03  1.489E-03  3.506E-07  2.209E-03  0.000E+00  8.159E-02  1.511E-03  4.236E-04  3.391E-02  3.398E-02  2.191E-03  2.446E-02  1.020E-02  1.020E-02  4.762E-03  2.023E-04  1.147E-03  1.104E-02
   65.0000  8.202E-06  8.008E-03  1.280E-03  2.544E-07  1.873E-03  0.000E+00  7.097E-02  1.254E-03  3.488E-04  3.115E-02  2.818E-02  1.918E-03  2.252E-02  8.389E-03  8.389E-03  4.206E-03  1.755E-04  9.944E-04  9.908E-03
   70.0000  4.647E-06  6.545E-03  1.027E-03  1.665E-07  1.481E-03  0.000E+00  5.797E-02  9.671E-04  2.660E-04  2.743E-02  2.162E-02  1.585E-03  1.995E-02  6.369E-03  6.369E-03  3.509E-03  1.434E-04  8.124E-04  8.444E-03
   75.0000  2.236E-06  4.792E-03  7.338E-04  9.350E-08  1.043E-03  0.000E+00  4.250E-02  6.610E-04  1.791E-04  2.232E-02  1.461E-02  1.188E-03  1.648E-02  4.251E-03  4.251E-03  2.648E-03  1.058E-04  5.995E-04  6.566E-03
   80.0000  8.797E-07  2.842E-03  4.230E-04  4.191E-08  5.980E-04  0.000E+00  2.537E-02  3.663E-04  9.746E-05  1.536E-02  7.966E-03  7.372E-04  1.179E-02  2.290E-03  2.290E-03  1.637E-03  6.436E-05  3.647E-04  4.239E-03
   85.0000  2.719E-07  1.115E-03  1.667E-04  1.364E-08  2.355E-04  0.000E+00  1.004E-02  1.412E-04  3.734E-05  6.740E-03  3.095E-03  3.029E-04  5.697E-03  8.847E-04  8.847E-04  6.538E-04  2.590E-05  1.468E-04  1.763E-03
   90.0000  5.024E-08  2.109E-04  3.261E-05  2.276E-09  4.390E-05  0.000E+00  1.857E-03  2.657E-05  7.029E-06  9.232E-04  5.896E-04  5.091E-05  6.743E-04  1.680E-04  1.680E-04  1.153E-04  4.483E-06  2.540E-05  2.832E-04
------------------------------------------------------------
