Spectral actinic flux, quanta cm-2 s-1 nm-1
values at z =      7.000 km
Columns: wavelength (nm), solar zenith angles (deg.)
    wc, nm      0.000      5.000     10.000     15.000     20.000     25.000     30.000     35.000     40.000     45.000     50.000     55.000     60.000     65.000     70.000     75.000     80.000     85.000     90.000
  120.7000  0.000E+00  0.000E+00  0.000E+00  0.000E+00  0.000E+00  0.000E+00  0.000E+00  0.000E+00  0.000E+00  0.000E+00  0.000E+00  0.000E+00  0.000E+00  0.000E+00  0.000E+00  0.000E+00  0.000E+00  0.000E+00  0.000E+00
  121.6500  0.000E+00  0.000E+00  0.000E+00  0.000E+00  0.000E+00  0.000E+00  0.000E+00  0.000E+00  0.000E+00  0.000E+00  0.000E+00  0.000E+00  0.000E+00  0.000E+00  0.000E+00  0.000E+00  0.000E+00  0.000E+00  0.000E+00
  122.1000  0.000E+00  0.000E+00  0.000E+00  0.000E+00  0.000E+00  0.000E+00  0.000E+00  0.000E+00  0.000E+00  0.000E+00  0.000E+00  0.000E+00  0.000E+00  0.000E+00  0.000E+00  0.000E+00  0.000E+00  0.000E+00  0.000E+00
  122.7000  0.000E+00  0.000E+00  0.000E+00  0.000E+00  0.000E+00  0.000E+00  0.000E+00  0.000E+00  0.000E+00  0.000E+00  0.000E+00  0.000E+00  0.000E+00  0.000E+00  0.000E+00  0.000E+00  0.000E+00  0.000E+00  0.000E+00
  123.4500  0.000E+00  0.000E+00  0.000E+00  0.000E+00  0.000E+00  0.000E+00  0.000E+00  0.000E+00  0.000E+00  0.000E+00  0.000E+00  0.000E+00  0.000E+00  0.000E+00  0.000E+00  0.000E+00  0.000E+00  0.000E+00  0.000E+00
  124.2000  0.000E+00  0.000E+00  0.000E+00  0.000E+00  0.000E+00  0.000E+00  0.000E+00  0.000E+00  0.000E+00  0.000E+00  0.000E+00  0.000E+00  0.000E+00  0.000E+00  0.000E+00  0.000E+00  0.000E+00  0.000E+00  0.000E+00
  125.0000  0.000E+00  0.000E+00  0.000E+00  0.000E+00  0.000E+00  0.000E+00  0.000E+00  0.000E+00  0.000E+00  0.000E+00  0.000E+00  0.000E+00  0.000E+00  0.000E+00  0.000E+00  0.000E+00  0.000E+00  0.000E+00  0.000E+00
  125.8000  0.000E+00  0.000E+00  0.000E+00  0.000E+00  0.000E+00  0.000E+00  0.000E+00  0.000E+00  0.000E+00  0.000E+00  0.000E+00  0.000E+00  0.000E+00  0.000E+00  0.000E+00  0.000E+00  0.000E+00  0.000E+00  0.000E+00
  126.6000  0.000E+00  0.000E+00  0.000E+00  0.000E+00  0.000E+00  0.000E+00  0.000E+00  0.000E+00  0.000E+00  0.000E+00  0.000E+00  0.000E+00  0.000E+00  0.000E+00  0.000E+00  0.000E+00  0.000E+00  0.000E+00  0.000E+00
  127.8000  0.000E+00  0.000E+00  0.000E+00  0.000E+00  0.000E+00  0.000E+00  0.000E+00  0.000E+00  0.000E+00  0.000E+00  0.000E+00  0.000E+00  0.000E+00  0.000E+00  0.000E+00  0.000E+00  0.000E+00  0.000E+00  0.000E+00
  129.0000  0.000E+00  0.000E+00  0.000E+00  0.000E+00  0.000E+00  0.000E+00  0.000E+00  0.000E+00  0.000E+00  0.000E+00  0.000E+00  0.000E+00  0.000E+00  0.000E+00  0.000E+00  0.000E+00  0.000E+00  0.000E+00  0.000E+00
  129.8500  0.000E+00  0.000E+00  0.000E+00  0.000E+00  0.000E+00  0.000E+00  0.000E+00  0.000E+00  0.000E+00  0.000E+00  0.000E+00  0.000E+00  0.000E+00  0.000E+00  0.000E+00  0.000E+00  0.000E+00  0.000E+00  0.000E+00
  131.1500  0.000E+00  0.000E+00  0.000E+00  0.000E+00  0.000E+00  0.000E+00  0.000E+00  0.000E+00  0.000E+00  0.000E+00  0.000E+00  0.000E+00  0.000E+00  0.000E+00  0.000E+00  0.000E+00  0.000E+00  0.000E+00  0.000E+00
  133.5000  0.000E+00  0.000E+00  0.000E+00  0.000E+00  0.000E+00  0.000E+00  0.000E+00  0.000E+00  0.000E+00  0.000E+00  0.000E+00  0.000E+00  0.000E+00  0.000E+00  0.000E+00  0.000E+00  0.000E+00  0.000E+00  0.000E+00
  136.0000  0.000E+00  0.000E+00  0.000E+00  0.000E+00  0.000E+00  0.000E+00  0.000E+00  0.000E+00  0.000E+00  0.000E+00  0.000E+00  0.000E+00  0.000E+00  0.000E+00  0.000E+00  0.000E+00  0.000E+00  0.000E+00  0.000E+00
  141.0000  0.000E+00  0.000E+00  0.000E+00  0.000E+00  0.000E+00  0.000E+00  0.000E+00  0.000E+00  0.000E+00  0.000E+00  0.000E+00  0.000E+00  0.000E+00  0.000E+00  0.000E+00  0.000E+00  0.000E+00  0.000E+00  0.000E+00
  150.0000  0.000E+00  0.000E+00  0.000E+00  0.000E+00  0.000E+00  0.000E+00  0.000E+00  0.000E+00  0.000E+00  0.000E+00  0.000E+00  0.000E+00  0.000E+00  0.000E+00  0.000E+00  0.000E+00  0.000E+00  0.000E+00  0.000E+00
  160.0000  0.000E+00  0.000E+00  0.000E+00  0.000E+00  0.000E+00  0.000E+00  0.000E+00  0.000E+00  0.000E+00  0.000E+00  0.000E+00  0.000E+00  0.000E+00  0.000E+00  0.000E+00  0.000E+00  0.000E+00  0.000E+00  0.000E+00
  167.5000  0.000E+00  0.000E+00  0.000E+00  0.000E+00  0.000E+00  0.000E+00  0.000E+00  0.000E+00  0.000E+00  0.000E+00  0.000E+00  0.000E+00  0.000E+00  0.000E+00  0.000E+00  0.000E+00  0.000E+00  0.000E+00  0.000E+00
  172.2000  0.000E+00  0.000E+00  0.000E+00  0.000E+00  0.000E+00  0.000E+00  0.000E+00  0.000E+00  0.000E+00  0.000E+00  0.000E+00  0.000E+00  0.000E+00  0.000E+00  0.000E+00  0.000E+00  0.000E+00  0.000E+00  0.000E+00
  175.7000  0.000E+00  0.000E+00  0.000E+00  0.000E+00  0.000E+00  0.000E+00  0.000E+00  0.000E+00  0.000E+00  0.000E+00  0.000E+00  0.000E+00  0.000E+00  0.000E+00  0.000E+00  0.000E+00  0.000E+00  0.000E+00  0.000E+00
  177.8000  0.000E+00  0.000E+00  0.000E+00  0.000E+00  0.000E+00  0.000E+00  0.000E+00  0.000E+00  0.000E+00  0.000E+00  0.000E+00  0.000E+00  0.000E+00  0.000E+00  0.000E+00  0.000E+00  0.000E+00  0.000E+00  0.000E+00
  179.4000  0.000E+00  0.000E+00  0.000E+00  0.000E+00  0.000E+00  0.000E+00  0.000E+00  0.000E+00  0.000E+00  0.000E+00  0.000E+00  0.000E+00  0.000E+00  0.000E+00  0.000E+00  0.000E+00  0.000E+00  0.000E+00  0.000E+00
  181.0000  0.000E+00  0.000E+00  0.000E+00  0.000E+00  0.000E+00  0.000E+00  0.000E+00  0.000E+00  0.000E+00  0.000E+00  0.000E+00  0.000E+00  0.000E+00  0.000E+00  0.000E+00  0.000E+00  0.000E+00  0.000E+00  0.000E+00
  182.6500  0.000E+00  0.000E+00  0.000E+00  0.000E+00  0.000E+00  0.000E+00  0.000E+00  0.000E+00  0.000E+00  0.000E+00  0.000E+00  0.000E+00  0.000E+00  0.000E+00  0.000E+00  0.000E+00  0.000E+00  0.000E+00  0.000E+00
  184.3500  0.000E+00  0.000E+00  0.000E+00  0.000E+00  0.000E+00  0.000E+00  0.000E+00  0.000E+00  0.000E+00  0.000E+00  0.000E+00  0.000E+00  0.000E+00  0.000E+00  0.000E+00  0.000E+00  0.000E+00  0.000E+00  0.000E+00
  186.0500  0.000E+00  0.000E+00  0.000E+00  0.000E+00  0.000E+00  0.000E+00  0.000E+00  0.000E+00  0.000E+00  0.000E+00  0.000E+00  0.000E+00  0.000E+00  0.000E+00  0.000E+00  0.000E+00  0.000E+00  0.000E+00  0.000E+00
  187.8000  0.000E+00  0.000E+00  0.000E+00  0.000E+00  0.000E+00  0.000E+00  0.000E+00  0.000E+00  0.000E+00  0.000E+00  0.000E+00  0.000E+00  0.000E+00  0.000E+00  0.000E+00  0.000E+00  0.000E+00  0.000E+00  0.000E+00
  189.6000  0.000E+00  0.000E+00  0.000E+00  0.000E+00  0.000E+00  0.000E+00  0.000E+00  0.000E+00  0.000E+00  0.000E+00  0.000E+00  0.000E+00  0.000E+00  0.000E+00  0.000E+00  0.000E+00  0.000E+00  0.000E+00  0.000E+00
  191.4000  0.000E+00  0.000E+00  0.000E+00  0.000E+00  0.000E+00  0.000E+00  0.000E+00  0.000E+00  0.000E+00  0.000E+00  0.000E+00  0.000E+00  0.000E+00  0.000E+00  0.000E+00  0.000E+00  0.000E+00  0.000E+00  0.000E+00
  193.2500  0.000E+00  0.000E+00  0.000E+00  0.000E+00  0.000E+00  0.000E+00  0.000E+00  0.000E+00  0.000E+00  0.000E+00  0.000E+00  0.000E+00  0.000E+00  0.000E+00  0.000E+00  0.000E+00  0.000E+00  0.000E+00  0.000E+00
  195.1500  0.000E+00  0.000E+00  0.000E+00  0.000E+00  0.000E+00  0.000E+00  0.000E+00  0.000E+00  0.000E+00  0.000E+00  0.000E+00  0.000E+00  0.000E+00  0.000E+00  0.000E+00  0.000E+00  0.000E+00  0.000E+00  0.000E+00
  197.0500  0.000E+00  0.000E+00  0.000E+00  0.000E+00  0.000E+00  0.000E+00  0.000E+00  0.000E+00  0.000E+00  0.000E+00  0.000E+00  0.000E+00  0.000E+00  0.000E+00  0.000E+00  0.000E+00  0.000E+00  0.000E+00  0.000E+00
  199.0000  0.000E+00  0.000E+00  0.000E+00  0.000E+00  0.000E+00  0.000E+00  0.000E+00  0.000E+00  0.000E+00  0.000E+00  0.000E+00  0.000E+00  0.000E+00  0.000E+00  0.000E+00  0.000E+00  0.000E+00  0.000E+00  0.000E+00
  201.0000  0.000E+00  0.000E+00  0.000E+00  0.000E+00  0.000E+00  0.000E+00  0.000E+00  0.000E+00  0.000E+00  0.000E+00  0.000E+00  0.000E+00  0.000E+00  0.000E+00  0.000E+00  0.000E+00  0.000E+00  0.000E+00  0.000E+00
  203.0500  0.000E+00  0.000E+00  0.000E+00  0.000E+00  0.000E+00  0.000E+00  0.000E+00  0.000E+00  0.000E+00  0.000E+00  0.000E+00  0.000E+00  0.000E+00  0.000E+00  0.000E+00  0.000E+00  0.000E+00  0.000E+00  0.000E+00
  204.9500  0.000E+00  0.000E+00  0.000E+00  0.000E+00  0.000E+00  0.000E+00  0.000E+00  0.000E+00  0.000E+00  0.000E+00  0.000E+00  0.000E+00  0.000E+00  0.000E+00  0.000E+00  0.000E+00  0.000E+00  0.000E+00  0.000E+00
  207.0665  0.000E+00  0.000E+00  0.000E+00  0.000E+00  0.000E+00  0.000E+00  0.000E+00  0.000E+00  0.000E+00  0.000E+00  0.000E+00  0.000E+00  0.000E+00  0.000E+00  0.000E+00  0.000E+00  0.000E+00  0.000E+00  0.000E+00
  209.4295  0.000E+00  0.000E+00  0.000E+00  0.000E+00  0.000E+00  0.000E+00  0.000E+00  0.000E+00  0.000E+00  0.000E+00  0.000E+00  0.000E+00  0.000E+00  0.000E+00  0.000E+00  0.000E+00  0.000E+00  0.000E+00  0.000E+00
  211.6460  0.000E+00  0.000E+00  0.000E+00  0.000E+00  0.000E+00  0.000E+00  0.000E+00  0.000E+00  0.000E+00  0.000E+00  0.000E+00  0.000E+00  0.000E+00  0.000E+00  0.000E+00  0.000E+00  0.000E+00  0.000E+00  0.000E+00
  213.9100  0.000E+00  0.000E+00  0.000E+00  0.000E+00  0.000E+00  0.000E+00  0.000E+00  0.000E+00  0.000E+00  0.000E+00  0.000E+00  0.000E+00  0.000E+00  0.000E+00  0.000E+00  0.000E+00  0.000E+00  0.000E+00  0.000E+00
  216.2225  0.000E+00  0.000E+00  0.000E+00  0.000E+00  0.000E+00  0.000E+00  0.000E+00  0.000E+00  0.000E+00  0.000E+00  0.000E+00  0.000E+00  0.000E+00  0.000E+00  0.000E+00  0.000E+00  0.000E+00  0.000E+00  0.000E+00
  218.5855  0.000E+00  0.000E+00  0.000E+00  0.000E+00  0.000E+00  0.000E+00  0.000E+00  0.000E+00  0.000E+00  0.000E+00  0.000E+00  0.000E+00  0.000E+00  0.000E+00  0.000E+00  0.000E+00  0.000E+00  0.000E+00  0.000E+00
  221.0010  0.000E+00  0.000E+00  0.000E+00  0.000E+00  0.000E+00  0.000E+00  0.000E+00  0.000E+00  0.000E+00  0.000E+00  0.000E+00  0.000E+00  0.000E+00  0.000E+00  0.000E+00  0.000E+00  0.000E+00  0.000E+00  0.000E+00
  223.4705  0.000E+00  0.000E+00  0.000E+00  0.000E+00  0.000E+00  0.000E+00  0.000E+00  0.000E+00  0.000E+00  0.000E+00  0.000E+00  0.000E+00  0.000E+00  0.000E+00  0.000E+00  0.000E+00  0.000E+00  0.000E+00  0.000E+00
  225.9960  0.000E+00  0.000E+00  0.000E+00  0.000E+00  0.000E+00  0.000E+00  0.000E+00  0.000E+00  0.000E+00  0.000E+00  0.000E+00  0.000E+00  0.000E+00  0.000E+00  0.000E+00  0.000E+00  0.000E+00  0.000E+00  0.000E+00
  228.5790  0.000E+00  0.000E+00  0.000E+00  0.000E+00  0.000E+00  0.000E+00  0.000E+00  0.000E+00  0.000E+00  0.000E+00  0.000E+00  0.000E+00  0.000E+00  0.000E+00  0.000E+00  0.000E+00  0.000E+00  0.000E+00  0.000E+00
  231.2215  0.000E+00  0.000E+00  0.000E+00  0.000E+00  0.000E+00  0.000E+00  0.000E+00  0.000E+00  0.000E+00  0.000E+00  0.000E+00  0.000E+00  0.000E+00  0.000E+00  0.000E+00  0.000E+00  0.000E+00  0.000E+00  0.000E+00
  233.9260  0.000E+00  0.000E+00  0.000E+00  0.000E+00  0.000E+00  0.000E+00  0.000E+00  0.000E+00  0.000E+00  0.000E+00  0.000E+00  0.000E+00  0.000E+00  0.000E+00  0.000E+00  0.000E+00  0.000E+00  0.000E+00  0.000E+00
  236.6945  0.000E+00  0.000E+00  0.000E+00  0.000E+00  0.000E+00  0.000E+00  0.000E+00  0.000E+00  0.000E+00  0.000E+00  0.000E+00  0.000E+00  0.000E+00  0.000E+00  0.000E+00  0.000E+00  0.000E+00  0.000E+00  0.000E+00
  239.5295  0.000E+00  0.000E+00  0.000E+00  0.000E+00  0.000E+00  0.000E+00  0.000E+00  0.000E+00  0.000E+00  0.000E+00  0.000E+00  0.000E+00  0.000E+00  0.000E+00  0.000E+00  0.000E+00  0.000E+00  0.000E+00  0.000E+00
  242.4330  0.000E+00  0.000E+00  0.000E+00  0.000E+00  0.000E+00  0.000E+00  0.000E+00  0.000E+00  0.000E+00  0.000E+00  0.000E+00  0.000E+00  0.000E+00  0.000E+00  0.000E+00  0.000E+00  0.000E+00  0.000E+00  0.000E+00
  245.4080  0.000E+00  0.000E+00  0.000E+00  0.000E+00  0.000E+00  0.000E+00  0.000E+00  0.000E+00  0.000E+00  0.000E+00  0.000E+00  0.000E+00  0.000E+00  0.000E+00  0.000E+00  0.000E+00  0.000E+00  0.000E+00  0.000E+00
  248.4570  0.000E+00  0.000E+00  0.000E+00  0.000E+00  0.000E+00  0.000E+00  0.000E+00  0.000E+00  0.000E+00  0.000E+00  0.000E+00  0.000E+00  0.000E+00  0.000E+00  0.000E+00  0.000E+00  0.000E+00  0.000E+00  0.000E+00
  251.5825  0.000E+00  0.000E+00  0.000E+00  0.000E+00  0.000E+00  0.000E+00  0.000E+00  0.000E+00  0.000E+00  0.000E+00  0.000E+00  0.000E+00  0.000E+00  0.000E+00  0.000E+00  0.000E+00  0.000E+00  0.000E+00  0.000E+00
  254.7875  0.000E+00  0.000E+00  0.000E+00  0.000E+00  0.000E+00  0.000E+00  0.000E+00  0.000E+00  0.000E+00  0.000E+00  0.000E+00  0.000E+00  0.000E+00  0.000E+00  0.000E+00  0.000E+00  0.000E+00  0.000E+00  0.000E+00
  258.0750  0.000E+00  0.000E+00  0.000E+00  0.000E+00  0.000E+00  0.000E+00  0.000E+00  0.000E+00  0.000E+00  0.000E+00  0.000E+00  0.000E+00  0.000E+00  0.000E+00  0.000E+00  0.000E+00  0.000E+00  0.000E+00  0.000E+00
  261.4490  0.000E+00  0.000E+00  0.000E+00  0.000E+00  0.000E+00  0.000E+00  0.000E+00  0.000E+00  0.000E+00  0.000E+00  0.000E+00  0.000E+00  0.000E+00  0.000E+00  0.000E+00  0.000E+00  0.000E+00  0.000E+00  0.000E+00
  264.9125  0.000E+00  0.000E+00  0.000E+00  0.000E+00  0.000E+00  0.000E+00  0.000E+00  0.000E+00  0.000E+00  0.000E+00  0.000E+00  0.000E+00  0.000E+00  0.000E+00  0.000E+00  0.000E+00  0.000E+00  0.000E+00  0.000E+00
  268.4685  0.000E+00  0.000E+00  0.000E+00  0.000E+00  0.000E+00  0.000E+00  0.000E+00  0.000E+00  0.000E+00  0.000E+00  0.000E+00  0.000E+00  0.000E+00  0.000E+00  0.000E+00  0.000E+00  0.000E+00  0.000E+00  0.000E+00
  272.1215  0.000E+00  0.000E+00  0.000E+00  0.000E+00  0.000E+00  0.000E+00  0.000E+00  0.000E+00  0.000E+00  0.000E+00  0.000E+00  0.000E+00  0.000E+00  0.000E+00  0.000E+00  0.000E+00  0.000E+00  0.000E+00  0.000E+00
  275.8755  0.000E+00  0.000E+00  0.000E+00  0.000E+00  0.000E+00  0.000E+00  0.000E+00  0.000E+00  0.000E+00  0.000E+00  0.000E+00  0.000E+00  0.000E+00  0.000E+00  0.000E+00  0.000E+00  0.000E+00  0.000E+00  0.000E+00
  279.7340  0.000E+00  0.000E+00  0.000E+00  0.000E+00  0.000E+00  0.000E+00  0.000E+00  0.000E+00  0.000E+00  0.000E+00  0.000E+00  0.000E+00  0.000E+00  0.000E+00  0.000E+00  0.000E+00  0.000E+00  0.000E+00  0.000E+00
  283.7020  0.000E+00  0.000E+00  0.000E+00  0.000E+00  0.000E+00  0.000E+00  0.000E+00  0.000E+00  0.000E+00  0.000E+00  0.000E+00  0.000E+00  0.000E+00  0.000E+00  0.000E+00  0.000E+00  0.000E+00  0.000E+00  0.000E+00
  287.7845  0.000E+00  0.000E+00  0.000E+00  0.000E+00  0.000E+00  0.000E+00  0.000E+00  0.000E+00  0.000E+00  0.000E+00  0.000E+00  0.000E+00  0.000E+00  0.000E+00  0.000E+00  0.000E+00  0.000E+00  0.000E+00  0.000E+00
  291.9865  2.859E+10  2.766E+10  2.504E+10  2.111E+10  1.647E+10  1.177E+10  7.594E+09  4.315E+09  2.118E+09  8.645E+08  2.810E+08  7.416E+07  2.084E+07  9.652E+06  6.127E+06  4.124E+06  2.749E+06  1.678E+06  6.828E+05
  296.3090  1.054E+12  1.034E+12  9.748E+11  8.815E+11  7.615E+11  6.246E+11  4.821E+11  3.452E+11  2.261E+11  1.324E+11  6.657E+10  2.762E+10  9.154E+09  2.673E+09  1.035E+09  5.919E+08  3.666E+08  2.100E+08  8.177E+07
  300.5000  7.991E+12  7.899E+12  7.625E+12  7.180E+12  6.577E+12  5.840E+12  4.999E+12  4.089E+12  3.166E+12  2.291E+12  1.506E+12  8.721E+11  4.233E+11  1.617E+11  4.807E+10  1.523E+10  7.440E+09  3.843E+09  1.377E+09
  303.0000  2.583E+13  2.562E+13  2.497E+13  2.389E+13  2.241E+13  2.053E+13  1.832E+13  1.584E+13  1.309E+13  1.031E+13  7.566E+12  5.043E+12  2.933E+12  1.399E+12  5.023E+11  1.359E+11  4.426E+10  2.009E+10  6.632E+09
  304.0000  2.944E+13  2.921E+13  2.853E+13  2.741E+13  2.585E+13  2.387E+13  2.151E+13  1.876E+13  1.582E+13  1.272E+13  9.580E+12  6.606E+12  4.018E+12  2.030E+12  7.802E+11  2.157E+11  6.213E+10  2.640E+10  8.461E+09
  305.0000  4.249E+13  4.220E+13  4.134E+13  3.990E+13  3.790E+13  3.534E+13  3.224E+13  2.871E+13  2.460E+13  2.030E+13  1.580E+13  1.138E+13  7.326E+12  3.993E+12  1.688E+12  4.996E+11  1.257E+11  4.688E+10  1.430E+10
  306.0000  4.133E+13  4.107E+13  4.031E+13  3.903E+13  3.724E+13  3.494E+13  3.214E+13  2.884E+13  2.510E+13  2.106E+13  1.675E+13  1.240E+13  8.286E+12  4.747E+12  2.141E+12  6.752E+11  1.605E+11  5.333E+10  1.561E+10
  307.0000  5.518E+13  5.488E+13  5.396E+13  5.243E+13  5.027E+13  4.747E+13  4.404E+13  3.991E+13  3.526E+13  3.011E+13  2.450E+13  1.868E+13  1.298E+13  7.845E+12  3.803E+12  1.302E+12  3.037E+11  8.659E+10  2.389E+10
  308.0000  6.688E+13  6.655E+13  6.556E+13  6.388E+13  6.153E+13  5.845E+13  5.465E+13  5.003E+13  4.476E+13  3.884E+13  3.226E+13  2.528E+13  1.821E+13  1.156E+13  5.999E+12  2.240E+12  5.369E+11  1.314E+11  3.370E+10
  309.0000  7.060E+13  7.027E+13  6.929E+13  6.765E+13  6.531E+13  6.226E+13  5.846E+13  5.378E+13  4.851E+13  4.247E+13  3.570E+13  2.841E+13  2.089E+13  1.363E+13  7.356E+12  2.890E+12  7.160E+11  1.608E+11  3.911E+10
  310.0000  7.191E+13  7.162E+13  7.075E+13  6.928E+13  6.719E+13  6.445E+13  6.100E+13  5.672E+13  5.180E+13  4.611E+13  3.959E+13  3.239E+13  2.471E+13  1.698E+13  9.848E+12  4.289E+12  1.169E+12  2.318E+11  4.942E+10
  311.0000  1.224E+14  1.220E+14  1.206E+14  1.182E+14  1.149E+14  1.105E+14  1.049E+14  9.800E+13  8.998E+13  8.065E+13  6.986E+13  5.782E+13  4.482E+13  3.145E+13  1.881E+13  8.557E+12  2.448E+12  4.683E+11  9.345E+10
  312.0000  1.114E+14  1.110E+14  1.098E+14  1.079E+14  1.051E+14  1.014E+14  9.680E+13  9.092E+13  8.416E+13  7.616E+13  6.680E+13  5.620E+13  4.452E+13  3.219E+13  2.010E+13  9.737E+12  3.019E+12  5.653E+11  1.010E+11
  313.0000  1.268E+14  1.264E+14  1.252E+14  1.232E+14  1.204E+14  1.166E+14  1.118E+14  1.056E+14  9.845E+13  8.993E+13  7.984E+13  6.823E+13  5.520E+13  4.110E+13  2.677E+13  1.381E+13  4.672E+12  8.895E+11  1.412E+11
  314.0000  1.391E+14  1.387E+14  1.375E+14  1.354E+14  1.324E+14  1.284E+14  1.234E+14  1.169E+14  1.093E+14  1.002E+14  8.939E+13  7.689E+13  6.275E+13  4.728E+13  3.132E+13  1.658E+13  5.806E+12  1.119E+12  1.691E+11
  316.0000  1.461E+14  1.458E+14  1.447E+14  1.429E+14  1.403E+14  1.367E+14  1.322E+14  1.263E+14  1.193E+14  1.109E+14  1.007E+14  8.859E+13  7.453E+13  5.857E+13  4.123E+13  2.394E+13  9.656E+12  2.083E+12  2.685E+11
  320.0000  1.912E+14  1.908E+14  1.897E+14  1.879E+14  1.852E+14  1.815E+14  1.768E+14  1.706E+14  1.630E+14  1.538E+14  1.423E+14  1.284E+14  1.117E+14  9.189E+13  6.914E+13  4.445E+13  2.107E+13  5.535E+12  6.647E+11
  325.0000  2.468E+14  2.464E+14  2.454E+14  2.436E+14  2.409E+14  2.372E+14  2.324E+14  2.260E+14  2.180E+14  2.081E+14  1.956E+14  1.800E+14  1.608E+14  1.373E+14  1.090E+14  7.601E+13  4.116E+13  1.320E+13  1.787E+12
  330.0000  3.051E+14  3.048E+14  3.037E+14  3.018E+14  2.991E+14  2.952E+14  2.901E+14  2.832E+14  2.747E+14  2.639E+14  2.500E+14  2.325E+14  2.106E+14  1.832E+14  1.494E+14  1.086E+14  6.280E+13  2.223E+13  3.385E+12
  335.0000  2.881E+14  2.878E+14  2.869E+14  2.854E+14  2.831E+14  2.800E+14  2.757E+14  2.700E+14  2.628E+14  2.536E+14  2.416E+14  2.264E+14  2.070E+14  1.825E+14  1.516E+14  1.134E+14  6.860E+13  2.592E+13  4.310E+12
  340.0000  3.093E+14  3.090E+14  3.082E+14  3.067E+14  3.045E+14  3.015E+14  2.974E+14  2.917E+14  2.845E+14  2.754E+14  2.633E+14  2.479E+14  2.281E+14  2.028E+14  1.705E+14  1.296E+14  8.051E+13  3.139E+13  5.356E+12
  345.0000  3.010E+14  3.007E+14  3.000E+14  2.987E+14  2.968E+14  2.941E+14  2.904E+14  2.853E+14  2.788E+14  2.704E+14  2.593E+14  2.450E+14  2.265E+14  2.027E+14  1.719E+14  1.324E+14  8.384E+13  3.336E+13  5.688E+12
  350.0000  3.105E+14  3.103E+14  3.096E+14  3.084E+14  3.066E+14  3.039E+14  3.004E+14  2.954E+14  2.891E+14  2.808E+14  2.699E+14  2.557E+14  2.372E+14  2.132E+14  1.820E+14  1.415E+14  9.075E+13  3.646E+13  6.038E+12
  355.0000  3.244E+14  3.242E+14  3.236E+14  3.224E+14  3.206E+14  3.181E+14  3.146E+14  3.098E+14  3.035E+14  2.954E+14  2.845E+14  2.703E+14  2.517E+14  2.273E+14  1.953E+14  1.534E+14  9.983E+13  4.072E+13  6.608E+12
  360.0000  2.933E+14  2.932E+14  2.926E+14  2.916E+14  2.902E+14  2.881E+14  2.851E+14  2.810E+14  2.756E+14  2.686E+14  2.592E+14  2.469E+14  2.306E+14  2.092E+14  1.809E+14  1.433E+14  9.454E+13  3.913E+13  6.186E+12
  365.0000  3.692E+14  3.690E+14  3.683E+14  3.672E+14  3.655E+14  3.630E+14  3.596E+14  3.547E+14  3.483E+14  3.399E+14  3.286E+14  3.137E+14  2.939E+14  2.677E+14  2.328E+14  1.860E+14  1.243E+14  5.223E+13  8.034E+12
  370.0000  3.802E+14  3.800E+14  3.794E+14  3.783E+14  3.767E+14  3.743E+14  3.710E+14  3.663E+14  3.601E+14  3.518E+14  3.407E+14  3.259E+14  3.062E+14  2.800E+14  2.447E+14  1.971E+14  1.334E+14  5.693E+13  8.512E+12
  375.0000  3.405E+14  3.403E+14  3.398E+14  3.390E+14  3.376E+14  3.356E+14  3.328E+14  3.288E+14  3.236E+14  3.166E+14  3.070E+14  2.942E+14  2.772E+14  2.544E+14  2.235E+14  1.813E+14  1.242E+14  5.387E+13  7.828E+12
  380.0000  3.884E+14  3.883E+14  3.877E+14  3.868E+14  3.854E+14  3.833E+14  3.803E+14  3.760E+14  3.703E+14  3.627E+14  3.522E+14  3.382E+14  3.194E+14  2.941E+14  2.596E+14  2.122E+14  1.470E+14  6.485E+13  9.166E+12
  385.0000  2.908E+14  2.907E+14  2.903E+14  2.897E+14  2.887E+14  2.872E+14  2.851E+14  2.821E+14  2.780E+14  2.726E+14  2.651E+14  2.550E+14  2.414E+14  2.230E+14  1.977E+14  1.627E+14  1.140E+14  5.117E+13  7.041E+12
  390.0000  3.774E+14  3.773E+14  3.769E+14  3.761E+14  3.749E+14  3.731E+14  3.706E+14  3.668E+14  3.618E+14  3.551E+14  3.457E+14  3.331E+14  3.161E+14  2.928E+14  2.608E+14  2.160E+14  1.530E+14  6.989E+13  9.374E+12
  395.0000  2.912E+14  2.911E+14  2.908E+14  2.902E+14  2.894E+14  2.881E+14  2.862E+14  2.835E+14  2.799E+14  2.749E+14  2.680E+14  2.586E+14  2.459E+14  2.284E+14  2.043E+14  1.703E+14  1.219E+14  5.666E+13  7.421E+12
  400.0000  5.380E+14  5.378E+14  5.373E+14  5.364E+14  5.349E+14  5.327E+14  5.295E+14  5.247E+14  5.183E+14  5.095E+14  4.972E+14  4.805E+14  4.578E+14  4.264E+14  3.829E+14  3.211E+14  2.322E+14  1.099E+14  1.408E+13
  405.0000  5.462E+14  5.461E+14  5.456E+14  5.448E+14  5.434E+14  5.413E+14  5.382E+14  5.336E+14  5.273E+14  5.188E+14  5.069E+14  4.905E+14  4.681E+14  4.372E+14  3.940E+14  3.324E+14  2.426E+14  1.169E+14  1.468E+13
  410.0000  5.613E+14  5.611E+14  5.607E+14  5.599E+14  5.585E+14  5.565E+14  5.535E+14  5.490E+14  5.429E+14  5.345E+14  5.227E+14  5.065E+14  4.842E+14  4.534E+14  4.100E+14  3.477E+14  2.562E+14  1.256E+14  1.550E+13
  415.0000  5.831E+14  5.829E+14  5.825E+14  5.817E+14  5.804E+14  5.784E+14  5.755E+14  5.711E+14  5.650E+14  5.567E+14  5.449E+14  5.287E+14  5.062E+14  4.750E+14  4.310E+14  3.675E+14  2.733E+14  1.362E+14  1.658E+13
  420.0000  5.870E+14  5.869E+14  5.865E+14  5.858E+14  5.846E+14  5.827E+14  5.799E+14  5.757E+14  5.698E+14  5.618E+14  5.504E+14  5.346E+14  5.127E+14  4.821E+14  4.389E+14  3.761E+14  2.820E+14  1.430E+14  1.719E+13
  425.0000  5.593E+14  5.592E+14  5.588E+14  5.582E+14  5.571E+14  5.554E+14  5.529E+14  5.490E+14  5.437E+14  5.363E+14  5.259E+14  5.113E+14  4.911E+14  4.627E+14  4.225E+14  3.637E+14  2.750E+14  1.417E+14  1.686E+13
  430.0000  5.152E+14  5.151E+14  5.148E+14  5.142E+14  5.133E+14  5.118E+14  5.096E+14  5.063E+14  5.016E+14  4.951E+14  4.857E+14  4.728E+14  4.547E+14  4.293E+14  3.931E+14  3.399E+14  2.591E+14  1.357E+14  1.606E+13
  435.0000  5.974E+14  5.973E+14  5.970E+14  5.963E+14  5.953E+14  5.937E+14  5.913E+14  5.876E+14  5.824E+14  5.751E+14  5.647E+14  5.501E+14  5.298E+14  5.011E+14  4.601E+14  3.996E+14  3.068E+14  1.632E+14  1.925E+13
  440.0000  6.140E+14  6.139E+14  6.136E+14  6.131E+14  6.121E+14  6.105E+14  6.081E+14  6.045E+14  5.993E+14  5.921E+14  5.817E+14  5.672E+14  5.469E+14  5.182E+14  4.769E+14  4.158E+14  3.215E+14  1.735E+14  2.042E+13
  445.0000  6.593E+14  6.592E+14  6.589E+14  6.583E+14  6.573E+14  6.557E+14  6.533E+14  6.495E+14  6.442E+14  6.367E+14  6.260E+14  6.108E+14  5.896E+14  5.596E+14  5.162E+14  4.518E+14  3.517E+14  1.926E+14  2.271E+13
  450.0000  7.013E+14  7.012E+14  7.009E+14  7.003E+14  6.993E+14  6.977E+14  6.952E+14  6.914E+14  6.859E+14  6.782E+14  6.672E+14  6.516E+14  6.296E+14  5.985E+14  5.534E+14  4.861E+14  3.810E+14  2.116E+14  2.510E+13
  455.0000  6.866E+14  6.865E+14  6.863E+14  6.857E+14  6.848E+14  6.833E+14  6.810E+14  6.773E+14  6.722E+14  6.649E+14  6.544E+14  6.396E+14  6.186E+14  5.889E+14  5.457E+14  4.810E+14  3.794E+14  2.136E+14  2.553E+13
  460.0000  7.068E+14  7.067E+14  7.064E+14  7.059E+14  7.049E+14  7.034E+14  7.011E+14  6.974E+14  6.923E+14  6.850E+14  6.744E+14  6.595E+14  6.384E+14  6.083E+14  5.646E+14  4.990E+14  3.953E+14  2.248E+14  2.694E+13
  465.0000  6.996E+14  6.996E+14  6.993E+14  6.988E+14  6.979E+14  6.965E+14  6.943E+14  6.908E+14  6.859E+14  6.789E+14  6.687E+14  6.543E+14  6.340E+14  6.050E+14  5.627E+14  4.989E+14  3.977E+14  2.292E+14  2.788E+13
  470.0000  6.968E+14  6.967E+14  6.965E+14  6.960E+14  6.951E+14  6.938E+14  6.916E+14  6.883E+14  6.835E+14  6.768E+14  6.669E+14  6.530E+14  6.332E+14  6.050E+14  5.637E+14  5.013E+14  4.017E+14  2.343E+14  2.894E+13
  475.0000  7.060E+14  7.060E+14  7.057E+14  7.052E+14  7.044E+14  7.031E+14  7.010E+14  6.977E+14  6.930E+14  6.863E+14  6.766E+14  6.628E+14  6.432E+14  6.151E+14  5.741E+14  5.119E+14  4.122E+14  2.430E+14  3.048E+13
  480.0000  7.268E+14  7.268E+14  7.265E+14  7.260E+14  7.252E+14  7.238E+14  7.216E+14  7.182E+14  7.134E+14  7.066E+14  6.966E+14  6.826E+14  6.626E+14  6.340E+14  5.922E+14  5.287E+14  4.266E+14  2.528E+14  3.181E+13
  485.0000  6.616E+14  6.615E+14  6.613E+14  6.608E+14  6.601E+14  6.588E+14  6.569E+14  6.539E+14  6.496E+14  6.435E+14  6.347E+14  6.222E+14  6.044E+14  5.789E+14  5.415E+14  4.845E+14  3.927E+14  2.350E+14  3.014E+13
  490.0000  6.908E+14  6.907E+14  6.905E+14  6.901E+14  6.893E+14  6.880E+14  6.861E+14  6.830E+14  6.787E+14  6.725E+14  6.635E+14  6.508E+14  6.326E+14  6.066E+14  5.684E+14  5.100E+14  4.154E+14  2.515E+14  3.308E+13
  495.0000  7.054E+14  7.053E+14  7.051E+14  7.046E+14  7.038E+14  7.026E+14  7.006E+14  6.975E+14  6.932E+14  6.870E+14  6.780E+14  6.652E+14  6.470E+14  6.209E+14  5.824E+14  5.236E+14  4.281E+14  2.614E+14  3.509E+13
  500.0000  6.738E+14  6.737E+14  6.735E+14  6.731E+14  6.723E+14  6.711E+14  6.692E+14  6.662E+14  6.620E+14  6.561E+14  6.475E+14  6.354E+14  6.181E+14  5.932E+14  5.567E+14  5.008E+14  4.098E+14  2.510E+14  3.395E+13
  505.0000  6.855E+14  6.854E+14  6.852E+14  6.847E+14  6.838E+14  6.825E+14  6.805E+14  6.774E+14  6.731E+14  6.670E+14  6.582E+14  6.458E+14  6.281E+14  6.028E+14  5.656E+14  5.087E+14  4.162E+14  2.547E+14  3.452E+13
  510.0000  6.821E+14  6.820E+14  6.817E+14  6.813E+14  6.804E+14  6.792E+14  6.773E+14  6.743E+14  6.701E+14  6.642E+14  6.556E+14  6.435E+14  6.263E+14  6.016E+14  5.653E+14  5.097E+14  4.188E+14  2.591E+14  3.619E+13
  515.0000  6.344E+14  6.343E+14  6.341E+14  6.336E+14  6.329E+14  6.317E+14  6.299E+14  6.271E+14  6.233E+14  6.179E+14  6.100E+14  5.989E+14  5.832E+14  5.606E+14  5.273E+14  4.762E+14  3.926E+14  2.447E+14  3.503E+13
  520.0000  6.541E+14  6.540E+14  6.537E+14  6.532E+14  6.524E+14  6.512E+14  6.493E+14  6.465E+14  6.425E+14  6.370E+14  6.289E+14  6.176E+14  6.015E+14  5.784E+14  5.443E+14  4.921E+14  4.064E+14  2.544E+14  3.710E+13
  525.0000  6.576E+14  6.575E+14  6.572E+14  6.567E+14  6.559E+14  6.546E+14  6.527E+14  6.497E+14  6.457E+14  6.400E+14  6.318E+14  6.204E+14  6.041E+14  5.808E+14  5.465E+14  4.939E+14  4.077E+14  2.551E+14  3.747E+13
  530.0000  6.938E+14  6.937E+14  6.934E+14  6.928E+14  6.918E+14  6.904E+14  6.882E+14  6.850E+14  6.806E+14  6.745E+14  6.657E+14  6.534E+14  6.360E+14  6.111E+14  5.746E+14  5.187E+14  4.273E+14  2.662E+14  3.909E+13
  535.0000  6.744E+14  6.743E+14  6.740E+14  6.734E+14  6.725E+14  6.710E+14  6.689E+14  6.658E+14  6.614E+14  6.555E+14  6.469E+14  6.350E+14  6.181E+14  5.940E+14  5.587E+14  5.046E+14  4.160E+14  2.599E+14  3.880E+13
  540.0000  6.777E+14  6.776E+14  6.772E+14  6.766E+14  6.757E+14  6.742E+14  6.721E+14  6.689E+14  6.646E+14  6.587E+14  6.502E+14  6.383E+14  6.216E+14  5.977E+14  5.626E+14  5.087E+14  4.205E+14  2.643E+14  4.049E+13
  545.0000  6.898E+14  6.897E+14  6.893E+14  6.887E+14  6.877E+14  6.861E+14  6.839E+14  6.807E+14  6.762E+14  6.701E+14  6.614E+14  6.493E+14  6.323E+14  6.079E+14  5.723E+14  5.176E+14  4.279E+14  2.693E+14  4.185E+13
  550.0000  6.943E+14  6.942E+14  6.938E+14  6.932E+14  6.921E+14  6.906E+14  6.883E+14  6.850E+14  6.805E+14  6.743E+14  6.656E+14  6.534E+14  6.363E+14  6.119E+14  5.761E+14  5.213E+14  4.314E+14  2.722E+14  4.307E+13
  555.0000  6.907E+14  6.905E+14  6.902E+14  6.895E+14  6.884E+14  6.868E+14  6.846E+14  6.812E+14  6.768E+14  6.706E+14  6.620E+14  6.499E+14  6.330E+14  6.089E+14  5.735E+14  5.193E+14  4.304E+14  2.726E+14  4.428E+13
  560.0000  6.751E+14  6.749E+14  6.745E+14  6.738E+14  6.727E+14  6.711E+14  6.688E+14  6.654E+14  6.609E+14  6.548E+14  6.462E+14  6.342E+14  6.174E+14  5.936E+14  5.588E+14  5.055E+14  4.182E+14  2.639E+14  4.305E+13
  565.0000  6.779E+14  6.777E+14  6.773E+14  6.766E+14  6.754E+14  6.736E+14  6.712E+14  6.677E+14  6.631E+14  6.568E+14  6.479E+14  6.357E+14  6.186E+14  5.944E+14  5.591E+14  5.051E+14  4.169E+14  2.618E+14  4.281E+13
  570.0000  6.763E+14  6.762E+14  6.757E+14  6.749E+14  6.737E+14  6.719E+14  6.695E+14  6.659E+14  6.612E+14  6.548E+14  6.459E+14  6.336E+14  6.164E+14  5.922E+14  5.568E+14  5.028E+14  4.147E+14  2.601E+14  4.299E+13
  575.0000  6.907E+14  6.905E+14  6.901E+14  6.892E+14  6.880E+14  6.862E+14  6.836E+14  6.799E+14  6.751E+14  6.685E+14  6.594E+14  6.468E+14  6.294E+14  6.047E+14  5.687E+14  5.138E+14  4.241E+14  2.667E+14  4.491E+13
  580.0000  6.833E+14  6.832E+14  6.827E+14  6.819E+14  6.807E+14  6.789E+14  6.764E+14  6.728E+14  6.682E+14  6.618E+14  6.530E+14  6.408E+14  6.239E+14  6.000E+14  5.651E+14  5.117E+14  4.243E+14  2.696E+14  4.711E+13
  585.0000  6.877E+14  6.876E+14  6.872E+14  6.863E+14  6.851E+14  6.834E+14  6.809E+14  6.774E+14  6.728E+14  6.666E+14  6.579E+14  6.459E+14  6.293E+14  6.057E+14  5.713E+14  5.186E+14  4.320E+14  2.775E+14  5.032E+13
  590.0000  6.669E+14  6.668E+14  6.664E+14  6.656E+14  6.644E+14  6.627E+14  6.603E+14  6.569E+14  6.525E+14  6.465E+14  6.382E+14  6.267E+14  6.107E+14  5.881E+14  5.551E+14  5.045E+14  4.213E+14  2.722E+14  5.065E+13
  595.0000  6.828E+14  6.826E+14  6.822E+14  6.813E+14  6.801E+14  6.783E+14  6.758E+14  6.722E+14  6.676E+14  6.613E+14  6.527E+14  6.408E+14  6.243E+14  6.010E+14  5.670E+14  5.150E+14  4.295E+14  2.769E+14  5.193E+13
  600.0000  6.686E+14  6.684E+14  6.679E+14  6.670E+14  6.657E+14  6.639E+14  6.614E+14  6.577E+14  6.531E+14  6.468E+14  6.381E+14  6.263E+14  6.099E+14  5.868E+14  5.532E+14  5.017E+14  4.174E+14  2.678E+14  5.032E+13
  605.0000  6.797E+14  6.796E+14  6.790E+14  6.782E+14  6.768E+14  6.750E+14  6.723E+14  6.686E+14  6.639E+14  6.576E+14  6.488E+14  6.369E+14  6.203E+14  5.970E+14  5.631E+14  5.112E+14  4.261E+14  2.746E+14  5.276E+13
  610.0000  6.756E+14  6.755E+14  6.750E+14  6.742E+14  6.729E+14  6.711E+14  6.686E+14  6.650E+14  6.605E+14  6.544E+14  6.460E+14  6.345E+14  6.186E+14  5.962E+14  5.634E+14  5.132E+14  4.305E+14  2.815E+14  5.656E+13
  615.0000  6.642E+14  6.641E+14  6.636E+14  6.628E+14  6.616E+14  6.599E+14  6.576E+14  6.543E+14  6.500E+14  6.442E+14  6.363E+14  6.254E+14  6.104E+14  5.891E+14  5.579E+14  5.101E+14  4.308E+14  2.863E+14  6.028E+13
  620.0000  6.783E+14  6.781E+14  6.777E+14  6.769E+14  6.757E+14  6.740E+14  6.717E+14  6.685E+14  6.643E+14  6.586E+14  6.507E+14  6.400E+14  6.251E+14  6.040E+14  5.732E+14  5.257E+14  4.465E+14  3.008E+14  6.598E+13
  625.0000  6.679E+14  6.678E+14  6.674E+14  6.666E+14  6.655E+14  6.639E+14  6.617E+14  6.586E+14  6.545E+14  6.491E+14  6.415E+14  6.313E+14  6.170E+14  5.968E+14  5.671E+14  5.214E+14  4.450E+14  3.031E+14  6.891E+13
  630.0000  6.731E+14  6.730E+14  6.726E+14  6.718E+14  6.707E+14  6.692E+14  6.670E+14  6.640E+14  6.600E+14  6.547E+14  6.473E+14  6.373E+14  6.233E+14  6.035E+14  5.745E+14  5.296E+14  4.542E+14  3.130E+14  7.382E+13
  635.0000  6.729E+14  6.727E+14  6.723E+14  6.716E+14  6.705E+14  6.690E+14  6.669E+14  6.640E+14  6.601E+14  6.550E+14  6.479E+14  6.382E+14  6.247E+14  6.055E+14  5.773E+14  5.337E+14  4.601E+14  3.210E+14  7.860E+13
  640.0000  6.695E+14  6.694E+14  6.690E+14  6.683E+14  6.672E+14  6.658E+14  6.638E+14  6.610E+14  6.573E+14  6.523E+14  6.455E+14  6.362E+14  6.232E+14  6.047E+14  5.776E+14  5.354E+14  4.641E+14  3.278E+14  8.334E+13
  644.8000  6.698E+14  6.697E+14  6.693E+14  6.686E+14  6.676E+14  6.662E+14  6.643E+14  6.615E+14  6.580E+14  6.532E+14  6.466E+14  6.375E+14  6.249E+14  6.069E+14  5.805E+14  5.395E+14  4.698E+14  3.355E+14  8.819E+13
  651.0500  6.666E+14  6.664E+14  6.661E+14  6.654E+14  6.644E+14  6.631E+14  6.612E+14  6.586E+14  6.551E+14  6.505E+14  6.442E+14  6.354E+14  6.233E+14  6.060E+14  5.806E+14  5.410E+14  4.735E+14  3.422E+14  9.344E+13
  660.0000  6.396E+14  6.395E+14  6.392E+14  6.386E+14  6.377E+14  6.364E+14  6.347E+14  6.323E+14  6.291E+14  6.249E+14  6.191E+14  6.111E+14  6.000E+14  5.843E+14  5.610E+14  5.247E+14  4.625E+14  3.399E+14  9.789E+13
  670.0000  6.648E+14  6.647E+14  6.644E+14  6.638E+14  6.629E+14  6.616E+14  6.600E+14  6.576E+14  6.545E+14  6.503E+14  6.446E+14  6.368E+14  6.259E+14  6.104E+14  5.875E+14  5.518E+14  4.901E+14  3.668E+14  1.119E+14
  680.0000  6.609E+14  6.607E+14  6.604E+14  6.598E+14  6.590E+14  6.578E+14  6.562E+14  6.539E+14  6.510E+14  6.470E+14  6.416E+14  6.342E+14  6.240E+14  6.093E+14  5.877E+14  5.538E+14  4.952E+14  3.765E+14  1.209E+14
  690.0000  6.592E+14  6.591E+14  6.588E+14  6.582E+14  6.574E+14  6.562E+14  6.546E+14  6.525E+14  6.496E+14  6.459E+14  6.407E+14  6.336E+14  6.238E+14  6.098E+14  5.892E+14  5.569E+14  5.007E+14  3.857E+14  1.295E+14
  700.0000  6.556E+14  6.555E+14  6.552E+14  6.546E+14  6.538E+14  6.527E+14  6.512E+14  6.491E+14  6.464E+14  6.428E+14  6.378E+14  6.311E+14  6.218E+14  6.085E+14  5.890E+14  5.582E+14  5.047E+14  3.939E+14  1.382E+14
  710.0000  6.476E+14  6.475E+14  6.472E+14  6.467E+14  6.459E+14  6.448E+14  6.433E+14  6.413E+14  6.386E+14  6.352E+14  6.304E+14  6.240E+14  6.150E+14  6.024E+14  5.837E+14  5.544E+14  5.032E+14  3.966E+14  1.442E+14
  720.0000  6.335E+14  6.334E+14  6.331E+14  6.326E+14  6.318E+14  6.307E+14  6.293E+14  6.273E+14  6.247E+14  6.214E+14  6.169E+14  6.107E+14  6.023E+14  5.902E+14  5.725E+14  5.448E+14  4.962E+14  3.944E+14  1.480E+14
  730.0000  6.259E+14  6.258E+14  6.255E+14  6.250E+14  6.243E+14  6.232E+14  6.218E+14  6.199E+14  6.174E+14  6.142E+14  6.098E+14  6.039E+14  5.958E+14  5.843E+14  5.675E+14  5.409E+14  4.946E+14  3.967E+14  1.539E+14
------------------------------------------------------------
Photolysis rate coefficients, s-1
   1 = O3 -> O2 + O(1D)                                  
   2 = NO2 -> NO + O(3P)                                 
   3 = HNO2 -> OH + NO                                   
   4 = HNO3 -> OH + NO2                                  
   5 = Cl2 -> Cl + Cl                                    
   6 = ClOO -> Products                                  
   7 = OClO -> Products                                  
   8 = ClOOCl -> Cl + ClOO                               
   9 = ClNO2 -> Cl + NO2                                 
  10 = Br2 -> Br + Br                                    
  11 = BrO -> Br + O                                     
  12 = HOBr -> OH + Br                                   
  13 = BrNO -> Br + NO                                   
  14 = BrONO -> Br + NO2                                 
  15 = BrONO -> BrO + NO                                 
  16 = BrNO2 -> Br + NO2                                 
  17 = BrONO2 -> BrO + NO2                               
  18 = BrONO2 -> Br + NO3                                
  19 = BrCl -> Br + Cl                                   
values at z =      7.000 km
Columns: sza, photo-reactions
 sza, deg.          1          2          3          4          5          6          7          8          9         10         11         12         13         14         15         16         17         18         19
    0.0000  6.911E-05  1.432E-02  2.519E-03  1.109E-06  4.043E-03  0.000E+00  1.324E-01  3.092E-03  8.892E-04  4.318E-02  6.762E-02  3.524E-03  3.159E-02  2.130E-02  2.130E-02  7.231E-03  3.409E-04  1.932E-03  1.558E-02
    5.0000  6.864E-05  1.431E-02  2.517E-03  1.104E-06  4.039E-03  0.000E+00  1.323E-01  3.087E-03  8.878E-04  4.317E-02  6.754E-02  3.521E-03  3.158E-02  2.127E-02  2.127E-02  7.227E-03  3.406E-04  1.930E-03  1.558E-02
   10.0000  6.724E-05  1.428E-02  2.511E-03  1.089E-06  4.026E-03  0.000E+00  1.321E-01  3.073E-03  8.836E-04  4.315E-02  6.729E-02  3.513E-03  3.155E-02  2.117E-02  2.117E-02  7.214E-03  3.396E-04  1.924E-03  1.556E-02
   15.0000  6.491E-05  1.423E-02  2.502E-03  1.065E-06  4.004E-03  0.000E+00  1.316E-01  3.048E-03  8.764E-04  4.310E-02  6.686E-02  3.498E-03  3.149E-02  2.101E-02  2.101E-02  7.193E-03  3.379E-04  1.915E-03  1.553E-02
   20.0000  6.171E-05  1.416E-02  2.487E-03  1.031E-06  3.971E-03  0.000E+00  1.308E-01  3.012E-03  8.659E-04  4.302E-02  6.623E-02  3.477E-03  3.140E-02  2.078E-02  2.078E-02  7.159E-03  3.354E-04  1.901E-03  1.548E-02
   25.0000  5.768E-05  1.405E-02  2.466E-03  9.873E-07  3.926E-03  0.000E+00  1.298E-01  2.964E-03  8.517E-04  4.290E-02  6.536E-02  3.447E-03  3.128E-02  2.047E-02  2.047E-02  7.112E-03  3.320E-04  1.881E-03  1.541E-02
   30.0000  5.290E-05  1.390E-02  2.438E-03  9.339E-07  3.866E-03  0.000E+00  1.284E-01  2.901E-03  8.332E-04  4.272E-02  6.420E-02  3.406E-03  3.110E-02  2.005E-02  2.005E-02  7.047E-03  3.274E-04  1.855E-03  1.530E-02
   35.0000  4.741E-05  1.370E-02  2.398E-03  8.700E-07  3.785E-03  0.000E+00  1.264E-01  2.820E-03  8.093E-04  4.245E-02  6.267E-02  3.351E-03  3.085E-02  1.951E-02  1.951E-02  6.956E-03  3.213E-04  1.821E-03  1.515E-02
   40.0000  4.143E-05  1.344E-02  2.348E-03  7.979E-07  3.684E-03  0.000E+00  1.239E-01  2.721E-03  7.803E-04  4.207E-02  6.076E-02  3.282E-03  3.052E-02  1.884E-02  1.884E-02  6.838E-03  3.137E-04  1.777E-03  1.496E-02
   45.0000  3.514E-05  1.310E-02  2.283E-03  7.175E-07  3.557E-03  0.000E+00  1.207E-01  2.601E-03  7.448E-04  4.155E-02  5.838E-02  3.193E-03  3.008E-02  1.802E-02  1.802E-02  6.684E-03  3.041E-04  1.723E-03  1.469E-02
   50.0000  2.862E-05  1.265E-02  2.196E-03  6.283E-07  3.394E-03  0.000E+00  1.164E-01  2.453E-03  7.009E-04  4.081E-02  5.534E-02  3.078E-03  2.947E-02  1.700E-02  1.700E-02  6.478E-03  2.918E-04  1.653E-03  1.432E-02
   55.0000  2.217E-05  1.207E-02  2.084E-03  5.323E-07  3.189E-03  0.000E+00  1.109E-01  2.272E-03  6.474E-04  3.978E-02  5.155E-02  2.930E-03  2.866E-02  1.573E-02  1.573E-02  6.208E-03  2.762E-04  1.565E-03  1.383E-02
   60.0000  1.608E-05  1.130E-02  1.939E-03  4.314E-07  2.930E-03  0.000E+00  1.036E-01  2.054E-03  5.828E-04  3.835E-02  4.683E-02  2.740E-03  2.756E-02  1.419E-02  1.419E-02  5.853E-03  2.567E-04  1.454E-03  1.316E-02
   65.0000  1.067E-05  1.029E-02  1.750E-03  3.286E-07  2.604E-03  0.000E+00  9.421E-02  1.790E-03  5.051E-04  3.635E-02  4.097E-02  2.496E-03  2.607E-02  1.231E-02  1.231E-02  5.383E-03  2.319E-04  1.314E-03  1.226E-02
   70.0000  6.264E-06  8.955E-03  1.503E-03  2.282E-07  2.197E-03  0.000E+00  8.188E-02  1.475E-03  4.123E-04  3.348E-02  3.377E-02  2.180E-03  2.399E-02  1.004E-02  1.004E-02  4.757E-03  2.004E-04  1.136E-03  1.101E-02
   75.0000  3.102E-06  7.190E-03  1.182E-03  1.367E-07  1.690E-03  0.000E+00  6.566E-02  1.101E-03  3.037E-04  2.927E-02  2.508E-02  1.768E-03  2.101E-02  7.356E-03  7.356E-03  3.910E-03  1.603E-04  9.083E-04  9.277E-03
   80.0000  1.213E-06  4.874E-03  7.751E-04  6.322E-08  1.081E-03  0.000E+00  4.457E-02  6.783E-04  1.829E-04  2.281E-02  1.513E-02  1.233E-03  1.658E-02  4.369E-03  4.369E-03  2.762E-03  1.096E-04  6.209E-04  6.811E-03
   85.0000  3.385E-07  2.120E-03  3.212E-04  1.836E-08  4.449E-04  0.000E+00  1.966E-02  2.662E-04  6.960E-05  1.269E-02  5.717E-03  5.821E-04  9.750E-03  1.624E-03  1.624E-03  1.293E-03  5.013E-05  2.841E-04  3.421E-03
   90.0000  5.808E-08  3.038E-04  4.930E-05  2.707E-09  6.673E-05  0.000E+00  2.782E-03  4.049E-05  1.078E-05  1.644E-03  9.122E-04  8.010E-05  1.648E-03  2.606E-04  2.606E-04  1.717E-04  6.881E-06  3.899E-05  4.500E-04
------------------------------------------------------------
