279 0.680 0.579 0.571 0.617
280 0.663 0.558 0.551 0.597
281 0.644 0.536 0.530 0.578
282 0.621 0.513 0.509 0.559
283 0.594 0.489 0.489 0.540
284 0.565 0.465 0.468 0.521
285 0.534 0.441 0.448 0.502
286 0.500 0.417 0.427 0.483
287 0.465 0.393 0.407 0.464
288 0.430 0.369 0.388 0.446
289 0.394 0.345 0.368 0.428
290 0.359 0.322 0.350 0.411
291 0.324 0.300 0.331 0.394
292 0.291 0.279 0.314 0.377
293 0.260 0.258 0.297 0.361
294 0.231 0.239 0.280 0.345
295 0.205 0.221 0.264 0.330
296 0.180 0.203 0.249 0.315
297 0.158 0.187 0.235 0.301
298 0.138 0.172 0.221 0.287
299 0.121 0.158 0.208 0.274
300 0.105 0.144 0.195 0.261
301 0.0915 0.132 0.183 0.249
302 0.0794 0.121 0.125 0.237
303 0.0735 0.101 0.105 0.213
304 0.0557 0.0810 0.0873 0.184
305 0.0421 0.0646 0.0728 0.159
306 0.0317 0.0514 0.0608 0.137
307 0.0239 0.0409 0.0508 0.119
308 0.0180 0.0325 0.0426 0.103
309 0.0135 0.0258 0.0358 0.0887
310 0.0101 0.0205 0.0301 0.0769
311 0.00762 0.0164 0.0255 0.0669
312 0.00574 0.0131 0.0216 0.0584
313 0.00433 0.0105 0.0184 0.0511
314 0.00328 0.00842 0.0158 0.0449
315 0.00249 0.00679 0.0136 0.0396
316 0.00190 0.00550 0.0117 0.0350
317 0.00145 0.00447 0.0101 0.0311
318 0.00111 0.00365 0.00882 0.0278
319 0.000858 0.00299 0.00771 0.0248
320 0.000664 0.00246 0.00676 0.0223
321 0.000515 0.00204 0.00595 0.0201
322 0.000400 0.00169 0.00526 0.0181
323 0.000312 0.00141 0.00466 0.0164
324 0.000244 0.00117 0.00414 0.0149
325 0.000191 0.000983 0.00369 0.0135
326 0.000149 0.000826 0.00329 0.0124
327 0.000117 0.000696 0.00295 0.0113